135.0 242.4325108876875 -40.22210840769883 -0.8803618015746045 35.05176151437934
135.1 242.8980542004384 -40.0203580449772 -0.8512944470749073 34.87207739979161
135.2 243.3872587235944 -39.81821096842042 -0.8223765722570347 34.69217317564032
135.29999999999998 243.9027922155419 -39.61564641739354 -0.7936083675256796 34.51203070490976
135.39999999999998 244.4476321313312 -39.41264128692961 -0.7649900391985325 34.33162980750296
135.49999999999997 245.0251019760373 -39.20916985541077 -0.7365218113010915 34.15094802445853
135.59999999999997 245.6389118472655 -39.00520348031434 -0.7082039275687118 33.96996035470046
135.69999999999996 246.2932036362203 -38.80071025835026 -0.6800366536800923 33.78863896118451
135.79999999999995 246.9926014071327 -38.59565464590267 -0.652020279748874 33.60695284295543
135.89999999999995 247.7422675302057 -38.389997035237 -0.624155123103499 33.42486746924698
135.99999999999994 248.5479652040412 -38.18369328142782 -0.5964415313884584 33.24234437132917
136.09999999999994 249.4161280701482 -37.9766941744084 -0.5688798860240721 33.05934068733894
136.19999999999993 250.3539376950543 -37.76894484992922 -0.5414706060661149 32.87580865481319
136.29999999999993 251.3694097752044 -37.56038413253337 -0.5142141525110467 32.69169504507009
136.39999999999992 252.4714900066489 -37.35094380291199 -0.4871110330978716 32.50694053295799
136.49999999999991 253.6701606558982 -37.14054778118099 -0.4601618076634056 32.3214789947999
136.5999999999999 254.9765589706841 -36.92911121671471 -0.4333670941136844 32.13523672660048
136.6999999999999 256.4031086799429 -36.71653947418309 -0.4067275750816185 31.94813157375278
136.7999999999999 257.9636659514369 -36.50272700434825 -0.380244005348242 31.76007196256723
136.8999999999999 259.6736813030866 -36.28755608698827 -0.3539172201136296 31.57095582295088
136.9999999999999 261.5503791002446 -36.07089543201583 -0.327748144212838 31.38066939047761
137.09999999999988 263.6129564154985 -35.85259862344144 -0.3017378023822962 31.1890858749052
137.19999999999987 265.8828031794898 -35.63250238929354 -0.275887330693678 30.99606398091376
137.29999999999987 268.3837457096886 -35.410424678937 -0.2501979892843685 30.80144626544742
137.39999999999986 271.1423158675126 -35.18616252742936 -0.2246711765274247 30.60505731454351
137.49999999999986 274.1880482603955 -34.95948968461552 -0.1993084447988549 30.40670172092347
137.59999999999985 277.553808071446 -34.73015398458081 -0.1741115180161128 30.20616184189593
137.69999999999985 281.2761522609985 -34.49787442886929 -0.1490823111396481 30.00319531529242
137.79999999999984 285.3957270363342 -34.2623379545286 -0.1242229518486777 29.79753230922151
137.89999999999984 289.957704621153 -34.023195855575 -0.0995358046230839 29.58887247939684
137.99999999999983 295.0122624658629 -33.78005982390714 -0.07502349748639706 29.3768816056911
138.09999999999982 300.6151081121743 -33.5324975730494 -0.05068895168892197 29.16118787740536
138.19999999999982 306.828052946143 -33.28002800542328 -0.02653541463656472 28.94137779456161
138.2999999999998 313.7196380247588 -33.02211588117128 -0.002566496399011869 28.71699165036621
138.3999999999998 321.3658150199082 -32.75816594395912 0.02121378983944546 28.48751855790864
138.4999999999998 329.8506850621988 -32.48751645675296 0.04480098299141574 28.25239098223641
138.5999999999998 339.2672978517646 -32.20943209841486 0.0681901245122154 28.01097873727405
138.6999999999998 349.7185127924381 -31.92309617022921 0.09137570361788679 27.76258240575711
138.79999999999978 361.3179230491238 -31.62760206035224 0.1143515967778582 27.50642613959211
138.89999999999978 374.1908422661499 -31.32194391388527 0.137111000949551 27.24164979801509
138.99999999999977 388.4753521446117 -31.00500645710338 0.1596463599868668 26.96730038185595
139.09999999999977 404.3234070747791 -30.67555392666683 0.1819492836206638 26.68232272441083
139.19999999999976 421.9019894564671 -30.33221805882492 0.2040104583781494 26.3855494032389
139.29999999999976 441.3943061005291 -29.97348510021563 0.2258195497804063 26.07568984307434
139.39999999999975 463.0010120578604 -29.59768181146849 0.2473650951361275 25.75131858848368
139.49999999999974 486.9414432201054 -29.20296044818038 0.2686343862362454 25.41086273653084
139.59999999999974 513.4548329159841 -28.78728272180505 0.2896133412522057 25.05258853525047
139.69999999999973 542.8014803133671 -28.34840276657991 0.3102863651537167 24.67458717401208
139.79999999999973 575.263829546514 -27.88384916896495 0.3306361979936662 24.27475981784923
139.89999999999972 611.1474079388451 -27.39090615448936 0.3506437504643316 23.85080197061077
139.99999999999972 650.7815593175428 -26.86659407483244 0.3702879262161037 23.4001872925604
140.0999999999997 694.5198940817975 -26.30764939700585 0.3895454305542043 22.92015104812768
140.1999999999997 742.7403613203105 -25.71050446828879 0.4083905652997054 22.40767342024242
140.2999999999997 795.8448298964958 -25.07126741681334 0.4267950098269473 21.85946300046786
140.3999999999997 854.2580452001114 -24.38570265000081 0.4447275885813352 21.2719408502788
140.4999999999997 918.4258065740698 -23.64921253280512 0.4621540257511664 20.64122562941584
140.59999999999968 988.8121879164303 -22.85682096591643 0.4790366882262434 19.96312040304151
140.69999999999968 1065.895601655482 -22.00315974097505 0.4953343185383531 19.23310187055158
140.79999999999967 1150.163485696108 -21.08245872471067 0.5110017601557291 18.44631290463175
140.89999999999966 1242.105376121811 -20.08854111450355 0.5259896783074886 17.59755944748047
140.99999999999966 1342.204118188337 -19.01482520990805 0.5402442804535796 16.68131297833243
141.09999999999965 1450.924968029383 -17.85433435131766 0.5537070415959409 15.69171993660045
141.19999999999965 1568.702351928684 -16.59971687796931 0.5663144408465886 14.62261964938482
141.29999999999964 1695.924084240743 -15.24327813865304 0.5779977170187909 13.46757245869599
141.39999999999964 1832.912905001892 -13.77702673096447 0.588682652466709 12.21989985657635
141.49999999999963 1979.905290308237 -12.19273722463502 0.5982893959313688 10.87273849513182
141.59999999999962 2137.027618850843 -10.48203161217852 0.6067323367011522 9.419109918807987
141.69999999999962 2304.269951864617 -8.636481591651836 0.6139200438867028 7.852007739569262
141.7999999999996 2481.457904362896 -6.647733484001997 0.6197552859412878 6.164503710619897
141.8999999999996 2668.22335254568 -4.507657082285982 0.6241351465996755 4.349873718770187
141.9999999999996 2863.975030064944 -2.208518985279247 0.6269512540070836 2.40174407946408
142.0999999999996 3067.870401630058 0.256820045503194 0.6280901397877079 0.3142576584441689
142.1999999999996 3278.79054459841 2.894685463470039 0.6274337439674811 -1.917741751160214
142.29999999999959 3495.32008606647 5.710350381083081 0.6248600798245851 -4.298509690415857
142.39999999999958 3715.734492806024 8.70778322466966 0.6202440697159863 -6.831190346114528
142.49999999999957 3937.997144020558 11.88938871926814 0.6134585585823401 -9.517600969563775
142.59999999999957 4159.7685776849 15.25575134066849 0.6043755060996659 -12.35801913277699
142.69999999999956 4378.430037617622 18.8053922670543 0.592867351357428 -15.35098211230314
142.79999999999956 4591.122919069529 22.53455243057933 0.578808535662249 -18.4931089665142
142.89999999999955 4794.804896162215 26.43701527878602 0.5620771599102326 -21.77895667048395
142.99999999999955 4986.32242870262 30.50398307309822 0.5425567434171596 -25.20092179984654
143.09999999999954 5162.49804427739 34.72401977112752 0.5201380417748019 -28.74919854259184
143.19999999999953 5320.229375176609 39.08307162055059 0.4947208729641216 -32.4118021527149
143.29999999999953 5456.595541264267 43.56457349632412 0.466215894411477 -36.17466431562631
143.39999999999952 5568.965280244529 48.14964483296743 0.4345462697093892 -40.02180335638782
143.49999999999952 5655.100412424781 52.81737397861188 0.3996491630063424 -43.93556799421128
143.5999999999995 5713.24794143914 57.54518430620247 0.3614770020456184 -47.89694875187626
143.6999999999995 5742.21443547899 62.30926994522132 0.3199984576424957 -51.88594657566224
143.7999999999995 5741.417327203067 67.0850840825775 0.2751990978106147 -55.88198415994129
143.8999999999995 5710.909345371167 71.84785894233856 0.2270816881905691 -59.86434233117698
143.9999999999995 5651.374290501702 76.57313421421944 0.1756661259789715 -63.81260197678676
144.09999999999948 5564.09456695853 81.23727012387656 0.1209890110474374 -67.70707161739128
144.19999999999948 5450.893029392976 85.81792258547995 0.06310287411755978 -71.52918185838527
144.29999999999947 5314.05354661689 90.29446079918189 0.002075096495896051 -75.26183048430056
144.39999999999947 5156.226033953618 94.64831191689683 -0.06201343207340035 -78.88966558840659
144.49999999999946 4980.322436879023 98.86322253023152 -0.129069862166128 -82.39929846300692
144.59999999999945 4789.410235877901 102.9254322040939 -0.198991079800174 -85.77944256724939
144.69999999999945 4586.609542547523 106.8237595710253 -0.2716654864775003 -89.02097930710222
144.79999999999944 4374.998894854514 110.5496061745473 -0.3469748049715541 -92.11695524184001
144.89999999999944 4157.533599213551 114.0968869872863 -0.424795856865565 -95.0625184126157
144.99999999999943 3936.979082396144 117.4618991557788 -0.505002265202666 -97.8548036307532
145.09999999999943 3715.860364532618 120.6431420026203 -0.5874660443427258 -100.4927777421952
145.19999999999942 3496.427568575499 123.6411017292971 -0.6720590484581659 -102.9770561734263
145.29999999999941 3280.636421320992 126.4580137753504 -0.7586542593549128 -105.3097016058998
145.3999999999994 3070.142012796542 129.0976146154351 -0.8471269029295682 -107.4940146022115
145.4999999999994 2866.303663619877 131.5648931433919 -0.9373553911805817 -109.5343246100628
145.5999999999994 2670.198575422759 133.865849916612 -1.029222093041487 -111.43578817939
145.6999999999994 2482.641962457966 136.0072705987568 -1.12261394230892 -113.2041995970662
145.7999999999994 2304.211531053585 137.9965180868826 -1.21742289460978 -114.8458175902191
145.89999999999938 2135.274436453124 139.8413461397798 -1.313546247794841 -116.3672103550905
145.99999999999937 1976.015158660266 141.5497358969469 -1.410886841514388 -117.7751199812018
146.09999999999937 1826.463063933472 143.129755517215 -1.509353152204405 -119.0763463797983
146.19999999999936 1686.518729979851 144.5894422717651 -1.608859299482478 -120.2776500890396
146.29999999999936 1555.978393296907 145.9367057788766 -1.709324979196414 -121.3856727989581
146.39999999999935 1434.556116919596 147.1792506370551 -1.810675337250206 -122.4068740907643
146.49999999999935 1321.903472571859 148.3245164636235 -1.91284079698964 -123.3474826872998
146.59999999999934 1217.626683789353 149.379633240893 -2.015756851473301 -124.2134604334172
146.69999999999933 1121.301289678882 150.3513898771867 -2.119363830473777 -125.0104772377939
146.79999999999933 1032.484467874271 151.2462139745726 -2.223606650613096 -125.7438952854435
146.89999999999932 950.7252058099697 152.0701609331179 -2.328434555677243 -126.4187609512442
146.99999999999932 875.5725374706964 152.8289106917533 -2.433800852910836 -127.0398029916467
147.0999999999993 806.5820736386485 153.5277705919056 -2.539662649974854 -127.6114357506951
147.1999999999993 743.3210520001179 154.1716830396649 -2.645980596266387 -128.137766277491
147.2999999999993 685.3721231689978 154.7652368266628 -2.752718631449074 -128.6226044081027
147.3999999999993 632.3360728483577 155.3126811431568 -2.859843743315206 -129.0694750109041
147.4999999999993 583.833661383267 155.8179414755593 -2.96732573649261 -129.481631727617
147.59999999999928 539.5067416540767 156.2846367229378 -3.075137013003777 -129.8620716614923
147.69999999999928 499.0187958976624 156.7160969923288 -3.18325236527314 -130.2135505687503
147.79999999999927 462.0550124952739 157.1153816413951 -3.291648781848704 -130.5385981999846
147.89999999999927 428.3220055808544 157.4852972299122 -3.400305265842876 -130.8395335155295
147.99999999999926 397.5472638117893 157.828415120101 -3.509202665895648 -131.1184795639376
148.09999999999926 369.4783999392699 158.1470885313667 -3.618323519312128 -131.3773778669658
148.19999999999925 343.882259930241 158.443468909083 -3.727651906914187 -131.6180021991084
148.29999999999924 320.5439392552542 158.7195215111589 -3.837173319069518 -131.8419716860277
148.39999999999924 299.2657444463002 158.9770401516532 -3.946874532310789 -132.0507631753902
148.49999999999923 279.8661299958156 159.2176610689413 -4.05674349592831 -132.2457228567208
148.59999999999923 262.1786339510019 159.4428759080662 -4.166769227909155 -132.4280771249133
148.69999999999922 246.0508299952176 159.654043823934 -4.276941719596332 -132.5989426958354
148.79999999999922 231.3433092446825 159.8524027248432 -4.387251848453108 -132.7593359928075
148.8999999999992 217.9287012800782 160.0390796852434 -4.497691298337414 -132.9101818302397
148.9999999999992 205.6907409487557 160.2151005632416 -4.608252486714098 -133.0523214259417
149.0999999999992 194.5233850972812 160.3813988627881 -4.718928498261756 -133.1865197770302
149.1999999999992 184.3299815248681 160.5388238831165 -4.829713024360129 -133.3134724363291
149.2999999999992 175.022490997394 160.6881481992943 -4.940600307974971 -133.4338117270139
149.39999999999918 166.520762053781 160.8300745179517 -5.051585093489716 -133.5481124332486
149.49999999999918 158.751857507846 160.965241951674 -5.162662581063053 -133.6568970039157
149.59999999999917 151.6494309450445 161.0942317543643 -5.27382838512316 -133.7606403054191
149.69999999999916 145.1531510902123 161.2175725582853 -5.385078496638126 -133.8597739580873
149.79999999999916 139.208171642042 161.3357451515931 -5.496409248829614 -133.9546902890195
149.89999999999915 133.7646440017292 161.4491868331059 -5.607817286024602 -134.0457459324029
149.99999999999915 128.7772702421106 161.5582953788674 -5.719299535364073 -134.1332651064329
150.09999999999914 124.2048936490054 161.6634326528523 -5.830853181110815 -134.2175425940593
150.19999999999914 120.010124201759 161.7649278919516 -5.942475641321677 -134.2988464528846
150.29999999999913 116.1589964321828 161.8630806932179 -6.054164546667921 -134.3774204776933
150.39999999999912 112.6206571991583 161.9581637292553 -6.165917721208001 -134.4534864373092
150.49999999999912 109.3670810321354 162.0504252156459 -6.2777331649332 -134.5272461057801
150.5999999999991 106.3728108237924 162.1400911523982 -6.389609037922668 -134.5988831062741
150.6999999999991 103.6147217852076 162.2273673596181 -6.50154364595994 -134.6685645845641
150.7999999999991 101.0718067121988 162.3124413259223 -6.613535427474887 -134.7364427275509
150.8999999999991 98.72498074592374 162.3954838865457 -6.72558294168902 -134.8026561409633
150.9999999999991 96.55690394239154 162.476650746644 -6.837684857852161 -134.8673310991411
151.09999999999908 94.55182009254769 162.5560838639384 -6.949839945468851 -134.9305826786775
151.19999999999908 92.69541035599207 162.6339127036093 -7.062047065423056 -134.9925157866515
151.29999999999907 90.97466038657127 162.7102553771975 -7.174305161917277 -135.0532260932203
151.39999999999907 89.37773973650059 162.7852196762176 -7.2866132551501 -135.1128008774561
151.49999999999906 87.89389242723984 162.8589040102247 -7.398970434664228 -135.1713197945094
151.59999999999906 86.51333767006601 162.9313982581874 -7.51137585330163 -135.228855571435
151.69999999999905 85.2271798071462 163.0027845412147 -7.62382872171031 -135.2854746383471
151.79999999999905 84.02732662530953 163.0731379239446 -7.736328303350955 -135.3412377009497
151.89999999999904 82.90641526974325 163.1425270512287 -7.848873909956908 -135.3962002599315
151.99999999999903 81.85774505390436 163.2110147261351 -7.961464897405853 -135.4504130821997
152.09999999999903 80.87521652536387 163.2786584347326 -8.074100661964898 -135.5039226284654
152.19999999999902 79.95327620542393 163.3455108226102 -8.186780636874083 -135.5567714412697
152.29999999999902 79.08686647351162 163.4116201276278 -8.299504289237813 -135.6089984971569
152.399999999999 78.27138011595417 163.4770305729711 -8.412271117194917 -135.6606395263524
152.499999999999 77.50261910305083 163.5417827242044 -8.525080647342332 -135.7117273029872
152.599999999999 76.77675719876867 163.6059138136708 -8.637932432388818 -135.7622919086257
152.699999999999 76.09030604417223 163.6694580352731 -8.750826049017218 -135.8123609715928
152.799999999999 75.44008438915304 163.7324468123868 -8.863761095936885 -135.8619598843596
152.89999999999898 74.82319017745465 163.7949090413982 -8.976737192108007 -135.9111120010385
152.99999999999898 74.23697521761546 163.8568713131267 -9.089753975122785 -135.9598388168399
153.09999999999897 73.67902219753723 163.9183581141777 -9.202811099728932 -136.0081601311708
153.19999999999897 73.14712382316825 163.9793920100843 -9.315908236482171 -136.0560941958982
153.29999999999896 72.63926388241386 164.0399938119174 -9.429045070516667 -136.1036578501539
153.39999999999895 72.15360005413727 164.10018272789 -9.542221300422322 -136.1508666429299
153.49999999999895 71.68844829906573 164.1599765013369 -9.655436637219014 -136.1977349445949
153.59999999999894 71.2422686847982 164.2193915363233 -9.768690803419812 -136.2442760483574
153.69999999999894 70.81365251105051 164.2784430120177 -9.881983532174166 -136.2905022626023
153.79999999999893 70.4013106138795 164.3371449868582 -9.995314566484707 -136.3364249949434
153.89999999999893 70.00406273906217 164.3955104934473 -10.10868365849075 -136.3820548287538
153.99999999999892 69.62082788515134 164.453551625021 -10.22209056881226 -136.4274015928651
154.09999999999891 69.25061552609909 164.5112796142608 -10.33553506594952 -136.4724744250619
154.1999999999989 68.89251763181327 164.5687049051454 -10.44901692573287 -136.5172818299385
154.2999999999989 68.54570141270334 164.6258372184738 -10.56253593081853 -136.5618317316344
154.3999999999989 68.20940272120167 164.6826856116339 -10.67609187022651 -136.6061315219145
154.4999999999989 67.88292004956476 164.7392585331372 -10.78968453891623 -136.6501881040166
154.5999999999989 67.56560906892904 164.7955638723918 -10.90331373739737 -136.6940079326525
154.69999999999888 67.2568776597626 164.8516090051422 -11.01697927137247 -136.7375970505089
154.79999999999887 66.95618138852836 164.907400834967 -11.13068095140819 -136.7809611215667
154.89999999999887 66.66301938958357 164.9629458311856 -11.24441859263354 -136.8241054615232
154.99999999999886 66.37693061517946 165.0182500634983 -11.35819201446186 -136.8670350655803
