0.0 11.64218776784634 161.4564619715078 149.8142742036614
2.0 10.53810921212721 160.1428319409281 149.6047227288009
4.0 10.40132664937345 158.7816384073979 148.3803117580245
6.0 10.5432487291535 157.2568662269394 146.7136174977859
8.0 10.71132435039568 155.0708630060197 144.3595386556241
10.0 10.82083268512006 152.990642726858 142.1698100417379
12.0 10.89087223167825 151.0360911383288 140.1452189066505
14.0 10.96567585652364 148.6644475517376 137.698771695214
16.0 11.09152330284823 146.6601335045062 135.5686102016579
18.0 11.17575204663849 144.5951928410281 133.4194407943896
20.0 11.2464067531287 142.6631859522444 131.4167791991157
22.0 11.36891326277802 140.5353695622171 129.1664562994391
24.0 11.49470639781122 138.2830162839344 126.7883098861232
26.0 11.63228437049236 136.0729254167294 124.440641046237
28.0 11.82524475067954 133.5594342805129 121.7341895298334
30.0 11.97178478420946 131.2801360273783 119.3083512431689
32.0 12.09579485757786 127.9506201328821 115.8548252753042
34.0 12.34115418473792 125.9737007446244 113.6325465598865
36.0 12.47686312634214 123.0686218367462 110.5917587104041
38.0 12.5570944890324 120.4551763719124 107.89808188288
40.0 12.71928419248351 115.0722020207352 102.3529178282517
42.0 12.79164497003818 111.9052098789759 99.11356490893769
44.0 12.59493197945582 107.5850128962968 94.99008091684099
46.0 12.88611448742943 107.4895028832356 94.60338839580619
48.0 12.64738978021699 101.9747054069561 89.32731562673914
50.0 12.33842647413116 95.8777499962268 83.53932352209564
52.0 12.45172823000395 95.39739611630915 82.9456678863052
54.0 12.26598099775858 90.892500609926 78.62651961216742
56.0 12.13760441195478 84.01919311721423 71.88158870525945
58.0 11.75774071136117 82.92770118800015 71.16996047663898
60.0 11.37765659747518 78.16892851980716 66.79127192233197
62.0 11.61560168785176 78.55376543993775 66.93816375208598
64.0 11.09389306343843 69.8418495952136 58.74795653177518
66.0 11.0780094764813 65.56739691865626 54.48938744217496
68.0 10.99574086061533 63.89294856476926 52.89720770415393
70.0 11.1437327876103 62.69959194128368 51.55585915367338
72.0 11.31431694016715 60.41389861288001 49.09958167271287
74.0 11.813546645529 60.14055500124922 48.32700835572022
76.0 11.42451409474425 50.36866729253118 38.94415319778693
78.0 11.78354703576357 53.96896095574645 42.18541391998289
80.0 11.19481936565538 47.33485736084108 36.1400379951857
82.0 10.66710651959629 40.62532706234434 29.95822054274805
84.0 11.35859462422881 47.71496367977451 36.3563690555457
86.0 10.30227829806608 37.34649531008306 27.04421701201698
88.0 9.888072420495122 32.44526430385478 22.55719188335966
90.0 9.221518514064188 29.35168874517935 20.13017023111516
92.0 8.859436697013477 21.50830042304851 12.64886372603504
94.0 8.474995877973587 18.46089255237065 9.985896674397059
96.0 7.777694423275991 16.07513930415509 8.2974448808791
98.0 7.193867295910895 13.19731441082547 6.003447114914576
100.0 6.751764084129762 9.598764264771849 2.847000180642088
102.0 6.181069105544339 6.317595289581552 0.1365261840372125
104.0 5.627036649022629 2.830028913553166 -2.797007735469463
106.0 4.881654055035828 -2.270281753810826 -7.151935808846654
108.0 4.309483934980852 -6.940972487635217 -11.25045642261607
110.0 3.747991452287745 -8.821278899350899 -12.56927035163864
112.0 3.169451382799375 -13.2298245537608 -16.39927593656018
114.0 2.662189184417372 -15.96107927495113 -18.6232684593685
116.0 2.172386657591849 -19.13239553573137 -21.30478219332322
118.0 1.616106544257901 -23.01255095962776 -24.62865750388566
120.0 1.20299556566638 -26.10752248418972 -27.3105180498561
122.0 0.8092196664680312 -29.962574437878 -30.77179410434603
124.0 0.4229370962302962 -33.80972393682203 -34.23266103305233
126.0 0.2159098846297353 -37.15802051257369 -37.37393039720343
128.0 0.01281585416120131 -40.80550990207522 -40.81832575623642
130.0 0 -44.34982094784687 -44.34982094784687
132.0 0.1719058866287527 -47.26628704610442 -47.43819293273318
134.0 0.5053654565187456 -50.91988959268197 -51.42525504920071
136.0 1.244004233480701 -54.44289326579702 -55.68689749927773
138.0 2.613281067765065 -59.60859327296668 -62.22187434073175
140.0 5.955531822784422 -55.18358041512094 -61.13911223790536
