0.0 10.2309705596371 161.8982791157747 151.6673085561376
2.0 9.128344749849606 160.6082998090347 151.4799550591851
4.0 9.000524141924933 159.2585364007662 150.2580122588412
6.0 9.15467917262483 157.7398095931289 148.5851304205041
8.0 9.339838428631025 155.6144874260144 146.2746489973834
10.0 9.465441243955854 153.5366158714862 144.0711746275303
12.0 9.550363620227165 151.5832924438752 142.032928823648
14.0 9.643046590100498 149.2412758205181 139.5982292304176
16.0 9.784425047166872 147.2723770414579 137.4879519942911
18.0 9.88447891568356 145.2015334318557 135.3170545161722
20.0 9.969801929852817 143.2853565691487 133.3155546392959
22.0 10.10862495986958 141.2187147413175 131.1100897814479
24.0 10.25184710577687 138.9827010457488 128.7308539399719
26.0 10.4067917454275 136.7450488717504 126.3382571263229
28.0 10.61960179423993 134.2448311343926 123.6252293401527
30.0 10.7836018287489 132.0680658577108 121.2844640289619
32.0 10.93293199734453 128.7594064259914 117.8264744286469
34.0 11.19452437336792 126.8106096227455 115.6160852493775
36.0 11.35263494881695 123.8936610759795 112.5410261271626
38.0 11.45310363832026 121.1656142822532 109.7125106439329
40.0 11.65488451332292 116.1034477802843 104.4485632669614
42.0 11.7513052302407 112.8678355951644 101.1165303649237
44.0 11.58443124793221 108.6749845411512 97.09055329321895
46.0 11.87930231527843 108.3561943175385 96.47689200226005
48.0 11.67986651566416 102.7071639887169 91.02729747305274
50.0 11.41261109309942 96.84350017522338 85.43088908212396
52.0 11.53030770727538 96.35772222568417 84.82741451840879
54.0 11.37591854183414 91.95385169532815 80.57793315349401
56.0 11.29681493553745 85.17291793980422 73.87610300426677
58.0 10.92153124425271 84.24943473734536 73.32790349309264
60.0 10.5757976782159 78.91617455495566 68.34037687673976
62.0 10.81290881664417 79.23178823149938 68.41887941485521
64.0 10.35093160803972 70.65677595969276 60.30584435165304
66.0 10.36538126701904 66.64849147807133 56.28311021105229
68.0 10.29554600330708 64.77522790892335 54.47968190561626
70.0 10.45389848814768 63.44643426628483 52.99253577813715
72.0 10.64110944467787 61.54943311309687 50.908323668419
74.0 11.14778978027921 60.79714655904569 49.64935677876648
76.0 10.82461159163956 51.87319042231632 41.04857883067676
78.0 11.16017017102989 55.37683456748765 44.21666439645776
80.0 10.61626600952315 48.6374748436565 38.02120883413335
82.0 10.13579755413962 41.45089502524978 31.31509747111016
84.0 10.78191101125815 48.08169950679829 37.29978849554014
86.0 9.792414682746203 38.16347207999812 28.37105739725192
88.0 9.410569432264857 33.44241039310451 24.03184096083965
90.0 8.76288875418244 30.06266920910203 21.2997804549196
92.0 8.453613965734433 22.82442599391802 14.37081202818358
94.0 8.089466591160985 19.57785349735263 11.48838690619164
96.0 7.403031222609257 17.61134941513469 10.20831819252543
98.0 6.837466623264754 14.35637646124492 7.51890983798017
100.0 6.41781940677565 10.96216776612563 4.544348359349979
102.0 5.867058474416253 7.676728299635105 1.809669825218851
104.0 5.334816497697771 4.127787418981984 -1.207029078715788
106.0 4.620770910077234 -0.7940727331372595 -5.414843643214493
108.0 4.078555204428544 -5.410699602027758 -9.489254806456302
110.0 3.527417979742818 -7.46627458678113 -10.99369256652395
112.0 2.976645327960952 -11.7711426624817 -14.74778799044265
114.0 2.485985762920891 -14.56695423112003 -17.05293999404093
116.0 2.015920379676041 -17.74537009583237 -19.76129047550841
118.0 1.484499817062771 -21.73612644904209 -23.22062626610486
120.0 1.091087286081091 -24.82618104132986 -25.91726832741095
122.0 0.7225566513247923 -28.62601098994026 -29.34856764126505
124.0 0.3617921862464211 -32.49132283259285 -32.85311501883927
126.0 0.1777330940579111 -35.8067463677712 -35.98447946182911
128.0 0 -39.46232078153287 -39.46232078153287
130.0 0.01312167263539736 -42.99942000142553 -43.01254167406093
132.0 0.2079196405145075 -45.96615467624448 -46.17407431675898
134.0 0.5709737161466893 -49.69342393097883 -50.26439764712552
136.0 1.340969338759551 -53.22276689331212 -54.56373623207167
138.0 2.758168338203939 -58.34964670563453 -61.10781504383846
140.0 6.094348423266212 -54.43851668256366 -60.53286510582987
