0.0 8.83912873085002 162.3350314369488 153.4959027060988
2.0 7.737790764088555 161.0666058445432 153.3288150804546
4.0 7.618843809061851 159.7295834052771 152.1107395962153
6.0 7.785187468636147 158.2169680728598 150.4317806042236
8.0 7.987005977160763 156.1473116366692 148.1603056595084
10.0 8.128673961370573 154.0750503891741 145.9463764278035
12.0 8.228466627187557 152.1239106324141 143.8954440052266
14.0 8.338816164577911 149.810561281154 141.4717451165761
16.0 8.495478699198341 147.8739855844545 139.3785068852562
18.0 8.611395991000306 145.798587886219 137.1871918952187
20.0 8.711266856724467 143.8995239756559 135.1882571189314
22.0 8.865992093809397 141.8853604437174 133.019368349908
24.0 9.026509951784282 139.6693784477186 130.6428684959343
26.0 9.199002757241331 137.4095654295247 128.2105626722834
28.0 9.431577566834949 134.9193443359106 125.4877667690757
30.0 9.612295997671969 132.8431287204018 123.2308327227298
32.0 9.786777267520031 129.5597722877158 119.7729950201958
34.0 10.06442050218339 127.6329279435241 117.5685074413407
36.0 10.24502262808245 124.7032705155509 114.4582478874684
38.0 10.36650262407581 121.8777473735093 111.5112447494334
40.0 10.6055684925041 117.1262848364628 106.5207163439587
42.0 10.72660709294826 113.8071088258835 103.0805017329353
44.0 10.58872166108468 109.7201826590918 99.13146099800713
46.0 10.88876254343818 109.217814293211 98.32905174977286
48.0 10.72958215837447 103.4384313962665 92.70884923789202
50.0 10.50230497518236 97.81524411405091 87.31293913886855
52.0 10.62437707398165 97.34027799161804 86.71590091763639
54.0 10.50078546070973 92.98895829512111 82.48817283441139
56.0 10.47018230537326 86.3272842822892 75.85710197691594
58.0 10.09846108504192 85.51547782947293 75.41701674443101
60.0 9.790993389172374 79.68358416509581 69.89259077592344
62.0 10.02782264063144 79.91701361852263 69.8891909778912
64.0 9.624510063398737 71.49740659546464 61.87289653206591
66.0 9.667375558285479 67.74773519504697 58.08035963676149
68.0 9.61143961700866 65.67203555320133 56.06059593619267
70.0 9.781137494424943 64.20854786279082 54.42741036836588
72.0 9.982194373078412 62.68403189920961 52.7018375261312
74.0 10.49973250622623 61.47840374721285 50.97867124098662
76.0 10.23638865733702 53.35510379384867 43.11871513651164
78.0 10.54915838858346 56.76706657377414 46.21790818519068
80.0 10.05092185130742 49.90245046423267 39.85152861292525
82.0 9.620940292576092 42.30462257952589 32.6836822869498
84.0 10.22509837620996 48.45768565026443 38.23258727405447
86.0 9.299134249019881 38.99063935116994 29.69150510215006
88.0 8.948169727672563 34.49427443004203 25.54610470236947
90.0 8.321580560171015 30.79304098549198 22.47146042532097
92.0 8.060602866298548 24.18443632153033 16.12383345523178
94.0 7.718305140146682 20.71092856807053 12.99262342792385
96.0 7.039744622616225 19.14455604891 12.10481142629378
98.0 6.495123452324401 15.53253407790244 9.037410625578036
100.0 6.096464651159141 12.33586245459662 6.239397803437475
102.0 5.565738129055064 9.027107346854446 3.461369217799382
104.0 5.055757195779933 5.411314751359492 0.355557555579559
106.0 4.371910425216881 0.6246386201730033 -3.747271805043878
108.0 3.859167310835039 -3.915427287456837 -7.774594598291876
110.0 3.319578056766389 -6.123033079817069 -9.442611136583458
112.0 2.795895707306087 -10.34549803699802 -13.14139374430411
114.0 2.322235736298033 -13.18588823609002 -15.50812397238806
116.0 1.8719935517359 -16.38067748817783 -18.25267103991373
118.0 1.366160358274609 -20.46043236303218 -21.82659272130679
120.0 0.992429488625434 -23.55091497942988 -24.54334446805532
122.0 0.6487569990516889 -27.29984465967496 -27.94860165872665
124.0 0.3136199884796616 -31.17696829246032 -31.49058828093998
126.0 0.1523404518468833 -34.47344174263886 -34.62578219448575
128.0 0 -38.12980579114454 -38.12980579114454
130.0 0.0390217673421975 -41.66359592917776 -41.70261769651996
132.0 0.2570844967073035 -44.68223695337548 -44.93932145008278
134.0 0.650225578617054 -48.47083385774083 -49.12105943635788
136.0 1.451639149863401 -52.01097081897191 -53.46260996883531
138.0 2.91639767665527 -57.07719322884256 -59.99359090549783
140.0 6.250218447757588 -53.66862194754962 -59.91884039530721
