0.0 6.074754604430423 163.1936712184745 157.118916614044
2.0 4.975559828978203 161.9626177927374 156.9870579637592
4.0 4.874063198574324 160.6544248965891 155.7803616980147
6.0 5.064648901544891 159.1545296137235 154.0898807121786
8.0 5.298660227000964 157.1829065528148 151.8842463258139
10.0 5.47228690209464 155.1299120986343 149.6576251965396
12.0 5.601758621431805 153.1853967769536 147.5836381555218
14.0 5.746837342190502 150.9264057916868 145.1795684494963
16.0 5.933412970838016 149.0471460067638 143.1137330359258
18.0 6.081129054895412 146.9671367533274 140.886007698432
20.0 6.209707505496517 145.1049786770204 138.8952711715239
22.0 6.395238648061258 143.1730713395654 136.7778326915042
24.0 6.589864269077968 141.0048260350753 134.4149617659974
26.0 6.797838262290049 138.7165415031832 131.9187032408931
28.0 7.069782530408428 136.2369754760502 129.1671929456417
30.0 7.281804302574444 134.3536674990714 127.071863196497
32.0 7.505976468252595 131.1307623919816 123.624785923729
34.0 7.815337104328346 129.2331762571443 121.4178391528159
36.0 8.041207700338835 126.2765889354892 118.2353812351504
38.0 8.206523773805949 123.3057967568795 115.0992729830736
40.0 8.513641110009627 119.1379862165617 110.6243451065521
42.0 8.685911477732744 115.6240238470664 106.9381123693336
44.0 8.604059329514787 111.6910845076007 103.0870251780859
46.0 8.917831012005842 110.9156958807536 101.9978648687477
48.0 8.841893509959799 104.892218072923 96.05032456296319
50.0 8.689247270209526 99.76771046781429 91.07846319760476
52.0 8.819545922503572 99.36222083986598 90.54267491736241
54.0 8.757256887940431 94.9763946542611 86.21913776632067
56.0 8.820590610097492 88.63286464432191 79.81227403422442
58.0 8.454466240140935 87.89963708839195 79.44517084825102
60.0 8.233050577458664 81.2829824200447 73.04993184258604
62.0 8.471346351996983 81.31016419618637 72.83881784418939
64.0 8.181663127305771 73.25615707761842 65.07449395031265
66.0 8.275955989158325 69.98722220116416 61.71126621200584
68.0 8.252222385880839 67.50626973999931 59.25404735411847
70.0 8.447553660799348 65.76858882084239 57.32103516004304
72.0 8.668591433484731 64.92583984022666 56.25724840674193
74.0 9.21708529482936 62.91599519296852 53.69890989813916
76.0 9.056955538706742 56.24203383875126 47.18507830004452
78.0 9.326109519499676 59.47276787140098 50.1466583519013
80.0 8.922202408783068 52.31350803585106 43.39130562706799
82.0 8.60095234361165 44.0847427613615 35.48379041774985
84.0 9.131854348395244 49.23532183360407 40.10346748520883
86.0 8.323079271936874 40.688558719346 32.36547944740913
88.0 8.028305997981617 36.7531352751477 28.72482927716608
90.0 7.451467690972846 32.31181813009662 24.86035043912377
92.0 7.27311428193247 27.01007452221452 19.73696024028205
94.0 6.979879039125747 23.01192148546448 16.03204244633873
96.0 6.308753675104746 22.18463497291333 15.87588129780858
98.0 5.813371033623767 17.92447429153316 12.1111032579094
100.0 5.452549108473324 15.09832200670292 9.645772898229601
102.0 4.962738126115997 11.6865062171781 6.7237680910621
104.0 4.498751347855827 7.935597665082768 3.436846317226941
106.0 3.872951771938449 3.3283772868438 -0.5445744850946488
108.0 3.417243692143761 -1.021800050946777 -4.439043743090537
110.0 2.903683279807479 -3.474186455296423 -6.377869735103903
112.0 2.432707584943778 -7.58162329193447 -10.01433087687825
114.0 1.993708991472901 -10.46259780714166 -12.45630679861456
116.0 1.583617544592721 -13.71428109858296 -15.29789864317568
118.0 1.13052717919809 -17.91266050176725 -19.04318768096534
120.0 0.7962729931588692 -21.02143848797407 -21.81771148113294
122.0 0.501284429334641 -24.68030369729217 -25.18158812662681
124.0 0.2175472201755491 -28.56262087702645 -28.780168097202
126.0 0.101645636556222 -31.85881465648534 -31.96046029304156
128.0 0 -35.49964224792366 -35.49964224792366
130.0 0.09078934515429456 -39.03229653987864 -39.12308588503294
132.0 0.3565431765736952 -42.16093598147265 -42.51747915804635
134.0 0.8109779161326203 -46.03767753609701 -46.84865545222963
136.0 1.675580795608221 -49.62036311540761 -51.29594391101583
138.0 3.233750611772262 -54.50039225504733 -57.73414286681959
140.0 6.573492811717222 -52.05168012370894 -58.62517293542616
