0.0 4.702028107994148 163.6157430376764 158.9137149296823
2.0 3.603717049607346 162.4007209725392 158.7970039229319
4.0 3.510783752125774 161.1083681948382 157.5975844427124
6.0 3.713420450522661 159.6152253425434 155.9018048920208
8.0 3.963030488722388 157.6867264318833 153.7236959431609
10.0 4.152516690048508 155.6466588724844 151.4941421824359
12.0 4.296788049156296 153.7063046469111 149.4095165977548
14.0 4.45894672993915 151.4729491232473 147.0140023933082
16.0 4.660185289596582 149.6195439049527 144.9593586153561
18.0 4.823814782124946 147.5394711062106 142.7156563240857
20.0 4.96654374424502 145.696792062279 140.730248318034
22.0 5.167084540511562 143.7961247178829 138.6290401773714
24.0 5.378494578444064 141.6542488859028 136.2757543074588
26.0 5.604325641104475 139.3592929827417 133.7549673416372
28.0 5.8959182973047 136.8807541719763 130.9848358746716
30.0 6.122578431257115 135.0889938215989 128.9664153903418
32.0 6.371253782237309 131.8997155776232 125.5284617953859
34.0 6.69634438650215 130.0111326864214 123.3147882999193
36.0 6.944996593880843 127.0405150291836 120.0955184353027
38.0 7.132897081895939 124.020709802954 116.887812721058
40.0 7.471006752238434 120.1229664464881 112.6519596942497
42.0 7.669974482353843 116.5058440141307 108.8358695317768
44.0 7.615439853698853 112.6235073630813 105.0080675093825
46.0 7.9373613566477 111.7475482856335 103.8101869289858
48.0 7.904308688044352 105.6124108537379 97.70810216569353
50.0 7.786264406560242 100.7443650571001 92.95810065053982
52.0 7.920195945104087 100.3956206193508 92.47542467424667
54.0 7.889056828037719 95.92799221896174 88.03893539092402
56.0 7.997458598839431 89.78428509817269 81.78682649933326
58.0 7.6340136584345 89.02876659135876 81.39475293292426
60.0 7.459365287809768 82.11727056485633 74.65790527704657
62.0 7.699607921143682 82.01859535399476 74.31898743285108
64.0 7.464646839535515 74.17454400903169 66.70989716949618
66.0 7.582184709549424 71.12066331087873 63.53847860132931
68.0 7.57670991993513 68.44212790560858 60.86541798567346
70.0 7.786354407835699 66.56157408824207 58.77521968040637
72.0 8.013889746160438 66.02362598694491 58.00973624078448
74.0 8.581899222340821 63.67253361382533 55.09063439148451
76.0 8.465952614118031 57.64856353444865 49.18261092033062
78.0 8.714290072387045 60.78358045889793 52.06929038651088
80.0 8.35921705611113 53.45922026475791 45.10000320864678
82.0 8.095289444529189 45.00390321440236 36.90861376987317
84.0 8.595036763018653 49.6357289664613 41.04069220344265
86.0 7.839840779924605 41.56646271437403 33.72662193444943
88.0 7.569938103620674 37.95275672453335 30.38281862091267
90.0 7.02215463139197 33.10012602556677 26.0779713941748
92.0 6.878034718448192 28.46141334378041 21.58337862533221
94.0 6.612283863466801 24.17459010340858 17.56230623994178
96.0 5.941060272821864 23.68411595446457 17.74305568164271
98.0 5.473614619357055 19.13434680038066 13.66073218102361
100.0 5.129784701007095 16.47995170528253 11.35016700427543
102.0 4.661113596644733 12.99000397744803 8.328890380803293
104.0 4.220830678735458 9.17659696302381 4.955766284288352
106.0 3.623249874425409 4.628555859644147 1.005305985218738
108.0 3.195000370672168 0.3789990800255177 -2.81600129064665
110.0 2.695639868856518 -2.169073956538635 -4.864713825395154
112.0 2.250493769206842 -6.237412422920945 -8.487906192127787
114.0 1.828951633333741 -9.120695611013821 -10.94964724434756
116.0 1.439290864389693 -12.41085030202422 -13.85014116641392
118.0 1.013077351873735 -16.6413952435035 -17.65447259537724
120.0 0.6987014744233861 -19.76803081206045 -20.46673228648384
122.0 0.4275974452487297 -23.38729745380168 -23.81489489905041
124.0 0.1695453123052144 -27.26329162201295 -27.43283693431817
126.0 0.07641416571960326 -30.5764683448492 -30.65288251056881
128.0 0 -34.20313562729117 -34.20313562729117
130.0 0.1166694520246182 -37.73513960643666 -37.85180905846128
132.0 0.406876395927315 -40.92244960363857 -41.32932599956589
134.0 0.8923554081010998 -44.82771390683067 -45.72006931493177
136.0 1.788841081809684 -48.44463233277964 -50.23347341458932
138.0 3.392569581036966 -53.20127562025011 -56.59384520128707
140.0 6.740296437235389 -51.20361512730475 -57.94391156454014
