0.0 3.335474338287362 164.0331171146368 160.6976427763494
2.0 2.237939234776314 162.8324582969821 160.5945190622058
4.0 2.153453998307571 161.5567586498338 159.4033046515263
6.0 2.368092597575051 160.0707193483918 157.7026267508167
8.0 2.63300803238424 158.18185234335 155.5488443109657
10.0 2.83825559055221 156.1565000367842 153.318244446232
12.0 2.997295598859405 154.2207055264069 151.2234099275475
14.0 3.176356205774306 152.0119106423635 148.8355544365892
16.0 3.392079363695936 150.1829949886939 146.790915624998
18.0 3.571617743136171 148.1042446809949 144.5326269378587
20.0 3.728356896760047 146.2816576318584 142.5533007350984
22.0 3.943706504583998 144.4064667614877 140.4627602569037
24.0 4.171710167406962 142.2919584031298 138.1202482357228
26.0 4.415428844143253 139.9950190509604 135.5795902068172
28.0 4.726671797748479 137.5149514498731 132.7882796521247
30.0 4.967333744833934 135.811107124766 130.8437733799321
32.0 5.240268436618654 132.6568756671669 127.4166072305483
34.0 5.581035445357282 130.774491255395 125.1934558100378
36.0 5.852570151085496 127.7894412984402 121.9368711473547
38.0 6.063350117193676 124.7353313670166 118.6719812498229
40.0 6.430592383721109 121.0917983381984 114.6612059544773
42.0 6.656987646569387 117.3724828994958 110.7154952529264
44.0 6.629469786754224 113.5244522938813 106.8949825071271
46.0 6.960189580284859 112.5655269637448 105.6053373834599
48.0 6.970785672491788 106.3267586882028 99.35597301571103
50.0 6.885510928157421 101.7188752264336 94.8333642982762
52.0 7.022627593830769 101.4393435794523 94.41671598562154
54.0 7.023356166668644 96.85170504253597 89.82834887586733
56.0 7.175307528529473 90.93675594795447 83.76144841942499
58.0 6.814827681554007 90.12342649089044 83.30859880933643
60.0 6.688825719237145 82.97631090637777 76.28748518714063
62.0 6.931965738658534 82.73521508750354 75.80324934884501
64.0 6.750173801504449 75.11920334923861 68.36902954773416
66.0 6.88950595598554 72.2587158451427 65.36920988915716
68.0 6.903668959936533 69.38931305983481 62.48564409989827
70.0 7.12865977691373 67.36006568323612 60.23140590632239
72.0 7.360619805499989 67.10181458067474 59.74119477517476
74.0 7.950408494411327 64.4540600154542 56.50365152104287
76.0 7.874198419958559 59.03469514949509 51.16049672953653
78.0 8.102421243964403 62.06711627390384 53.96469502993944
80.0 7.797393628623684 54.5660937223089 46.76870009368522
82.0 7.592205584657007 45.93687943726129 38.34467385260429
84.0 8.064504468231944 50.04290585957566 41.97840139134371
86.0 7.359442105605314 42.46852265982313 35.10908055421781
88.0 7.112066676370752 39.19237815178408 32.08031147541333
90.0 6.596332209955547 33.90763455568079 27.31130234572524
92.0 6.481750650432785 29.92872201662279 23.44697136619
94.0 6.245571173927666 25.34299988581668 19.09742871188901
96.0 5.571943366946156 25.16566747567523 19.59372410872908
98.0 5.134406245777858 20.349596986413 15.21519074063514
100.0 4.806383226108011 17.85760450557334 13.05122127946533
102.0 4.35946356682722 14.27355411212225 9.914090545295029
104.0 3.943306734776704 10.40389003892165 6.460583304144947
106.0 3.373573217253656 5.902185563285454 2.528612346031797
108.0 2.972078016415706 1.749761916963112 -1.222316099452594
110.0 2.487535410650237 -0.8768535633895722 -3.364388974039809
112.0 2.067973004753618 -4.914523970829907 -6.982496975583524
114.0 1.663874412398795 -7.79235228398702 -9.456226696385816
116.0 1.29493676811432 -11.12637034768678 -12.4213071158011
118.0 0.8957689917340932 -15.37251331156111 -16.2682823032952
120.0 0.6014174550853644 -18.52240888439347 -19.12382633947883
122.0 0.3539292096766677 -22.10546664510716 -22.45939585478382
124.0 0.1214969474952814 -25.96941466465712 -26.0909116121524
126.0 0.05129432579937497 -29.31012420910774 -29.36141853490712
128.0 0 -32.91960053736001 -32.91960053736001
130.0 0.1425394536069407 -36.44920231671458 -36.59174177032152
132.0 0.4576254076282433 -39.69799467797957 -40.15562008560782
134.0 0.974318611375224 -43.62282761349669 -44.59714622487191
136.0 1.902963010026921 -47.28337538074696 -49.18633839077388
138.0 3.551311530845583 -51.89907840430904 -55.45038993515462
140.0 6.910140390301215 -50.32884680313888 -57.23898719344009
