0.0 1.974989989551303 164.4459014209699 162.4709114314186
2.0 0.8781354018865682 163.257986413043 162.3798510111565
4.0 0.8019783398627561 161.999670419464 161.1976920796012
6.0 1.028567401282817 160.5211466965207 159.4925792952378
8.0 1.308520564660153 158.6687016802371 157.360181115577
10.0 1.529420324718425 156.6595979758182 155.1301776510997
12.0 1.703195797047458 154.7286516081 153.0254558110525
14.0 1.89898926437903 152.543300049292 150.6443107849129
16.0 2.129028379653989 150.7378377317282 148.6088093520742
18.0 2.324461842246731 148.6616637328245 146.3372018905778
20.0 2.495067480570745 146.859807138167 144.3647396575963
22.0 2.725065192327754 145.0048480408181 142.2797828484903
24.0 2.969467311307052 142.9183512712476 139.9488839599406
26.0 3.231072090176793 140.6237730691769 137.3927009790001
28.0 3.561984303612807 138.1398904776262 134.5779061740134
30.0 3.816042166698686 136.5201757168182 132.7041335501195
32.0 4.1129859242546 133.401899850399 129.2889139261444
34.0 4.469393860205682 131.5234710089573 127.0540771487516
36.0 4.763914375968495 128.5234929298232 123.7595785538547
38.0 4.997766412811608 125.4488616075473 120.4510951947357
40.0 5.392408595398787 122.0430833397831 116.6506747443843
42.0 5.64693852544319 118.2256202245647 112.5786816991215
44.0 5.646250890905849 114.3963352366802 108.7500843457744
46.0 5.986303119181234 113.3681109361464 107.3818078169652
48.0 6.041247728769066 107.034352338569 100.9931046097999
50.0 5.986899473727786 102.6896205093273 96.70272103559955
52.0 6.126676498205092 102.489526100925 96.3628496027199
54.0 6.160239404996004 97.74806843522345 91.58782903022744
56.0 6.354021425866857 92.09303631724487 85.73901489137801
58.0 5.997030698550246 91.18892986618433 85.19189916763408
60.0 5.921138110837551 83.86146473189426 77.94032662105671
62.0 6.168240182701998 83.46017390499108 77.29193372228908
64.0 6.037947605023015 76.09041209468544 70.05246448966243
66.0 6.197798792870558 73.39803593747073 67.20023714460017
68.0 6.232913279356782 70.34680929976856 64.11389602041178
70.0 6.474321460657641 68.16190436280853 61.68758290215089
72.0 6.708823207456988 68.15884339034994 61.45002018289295
74.0 7.322319924399957 65.26014343383029 57.93782350943034
76.0 7.281732939446983 60.40526241952393 53.12352948007695
78.0 7.490593419726004 63.32636340018344 55.83576998045744
80.0 7.236900130398335 55.63555563331321 48.39865550291488
82.0 7.091508856267049 46.8790440793904 39.78753522312335
84.0 7.540075775723442 50.45604645364822 42.91597067792478
86.0 6.881588383481637 43.39815966084675 36.51657127736511
88.0 6.654335824786833 40.46562719329843 33.81129136851159
90.0 6.173748334642561 34.7342695930441 28.56052125840154
92.0 6.084090104398828 31.40510243827374 25.32101233387491
94.0 5.879605415177965 26.51622806450277 20.63662264932481
96.0 5.201456564939532 26.62652815226014 21.4250715873206
98.0 4.795621581586285 21.56741386479164 16.77179228320536
100.0 4.482294714304504 19.228455798746 14.74616108444149
102.0 4.05784035606933 15.53604763553453 11.4782072794652
104.0 3.666179134315677 11.61794736762835 7.951768233312669
106.0 3.123999029392439 7.153974601826013 4.029975572433573
108.0 2.748600630841527 3.090351024429294 0.3417503935877668
110.0 2.279368178954821 0.4026030716610898 -1.876765107293731
112.0 1.885195706138835 -3.610332121346286 -5.495527827485122
114.0 1.498483735236116 -6.477912517494182 -7.976396252730298
116.0 1.150594663374766 -9.860385871491603 -11.01098053486637
118.0 0.7785272698061435 -14.10657411656999 -14.88510138637613
120.0 0.5043813323621093 -17.28459651565492 -17.78897784801703
122.0 0.280265257894522 -20.83465169372217 -21.11491695161669
124.0 0.07334855740791037 -24.68105147254022 -24.75440002994813
126.0 0.02630400045109431 -28.05937274048861 -28.08567674093971
128.0 0 -31.64936195657808 -31.64936195657808
130.0 0.1683830160018791 -35.17366878642539 -35.34205180242727
132.0 0.508791593816793 -38.48701269877997 -38.99580429259676
134.0 1.056808947388521 -42.42370594203134 -43.48051488941986
136.0 2.017952220832091 -46.13719088661298 -48.15514310744507
138.0 3.709874575185903 -50.59720028336347 -54.30707485854937
140.0 7.082723066554624 -49.42755533203387 -56.51027839858849
