0.0 1.164210431810673 164.85420866345 163.6899982316393
2.0 0.06795280186363465 163.6774468047972 163.6094940029336
4.0 0 162.4371779803204 162.4371779803204
6.0 0.2384853673071487 160.9666370265465 160.7281516592393
8.0 0.5332320178152057 159.1476549719731 158.6144229541579
10.0 0.7696656533762479 157.1561126893429 156.3864470359666
12.0 0.9581419680670573 155.230205045519 154.272063077452
14.0 1.17050839511816 153.0671297734262 151.896621378308
16.0 1.414702211139264 151.2843773502918 149.8696751391526
18.0 1.626008815460072 149.2118773640206 147.5858685485605
20.0 1.810333541343495 147.4314628047439 145.6211292634005
22.0 2.054854863075911 145.5919334109678 143.5370785478919
24.0 2.315458056914099 143.5338431572215 141.2183851003074
26.0 2.594918408858605 141.2455741154353 138.6506557065767
28.0 2.945533697792538 138.7558802730188 135.8103465752263
30.0 3.212412602453917 137.2164332419261 134.0040206394722
32.0 3.533112060333309 134.1346019078298 130.6014898474965
34.0 3.905139756249154 132.2583322725727 128.3531925163235
36.0 4.222752565895701 129.242804111022 125.0200515451263
38.0 4.479775035715208 126.160416111057 121.6806410753418
40.0 4.900212833891192 122.9756458648102 118.075433030919
42.0 5.18354196303972 119.0666848467525 113.8831428837127
44.0 5.209605957867231 115.2411901809952 110.031584223128
46.0 5.559437311205187 114.1540387234074 108.5946014122022
48.0 5.659363232509801 107.7343743581779 102.0750111256681
50.0 5.634092746596658 103.6551182593102 98.02102551271356
52.0 5.775946426337692 103.5420849028849 97.7661384765472
54.0 5.843523305864507 98.61784040380396 92.77431709793945
56.0 6.077201427963761 93.25678534153687 87.17958391357311
58.0 5.724445785205025 92.230123064216 86.50567727901098
60.0 5.699741161894509 84.77412317245344 79.07438201055894
62.0 5.951991334593301 84.19355015843619 78.24155882384289
64.0 5.871411840793541 77.0885062426274 71.21709440183386
66.0 6.05070517361649 74.53533629565413 68.48463112203764
68.0 6.108004866693037 71.31345197049964 65.2054471038066
70.0 6.366945649960476 68.96513042575334 62.59818477579286
72.0 6.60228572892849 69.19432642103958 62.59204069211109
74.0 7.241086444161322 66.09005876615347 58.84897232199215
76.0 7.232297063668951 61.76579375788643 54.53349669421748
78.0 7.422607475329454 64.5657723373815 57.14316486205204
80.0 7.221629090783195 56.66933525728677 49.44770616650358
82.0 7.136781226127005 47.82555301309438 40.68877178696737
84.0 7.565315403341983 50.8742814354169 43.30896603207491
86.0 6.949704344578949 44.35835804669699 37.40865370211804
88.0 6.740180219677465 41.76529858142845 35.02511836175098
90.0 6.297893034199867 35.57993365591751 29.28204062171764
92.0 6.228667502927617 32.88435080125848 26.65568329833086
94.0 6.057995130642629 27.69398597757626 21.63599084693363
96.0 5.373409177584581 28.06417228737767 22.69076310979309
98.0 5.000895255975044 22.78511768705665 17.78422243108161
100.0 4.701226757666782 20.58993134017778 15.888704582511
102.0 4.300039611354047 16.77684409930331 12.47680448794926
104.0 3.933181737820131 12.81937321267863 8.886191474858496
106.0 3.418311166328862 8.38790681919211 4.969595652863248
108.0 3.068430788332946 4.400262830151604 1.331832041818658
110.0 2.61487335008143 1.66948330452109 -0.9453900455603395
112.0 2.24593211384013 -2.322473312907856 -4.568405426747986
114.0 1.876526293396062 -5.177703503613676 -7.054229797009738
116.0 1.550038828697208 -8.612613374845615 -10.16265220354282
118.0 1.205020555603565 -12.8442046688443 -14.04922522444786
120.0 0.9512919816937861 -16.05455475107543 -17.00584673276921
122.0 0.7503278234509005 -19.57458314733088 -20.32491097078178
124.0 0.5687855995954225 -23.39822489918137 -23.96701049877679
126.0 0.5451962339124781 -26.823884508648 -27.36908074256048
128.0 0.5437399908153676 -30.39266517656417 -30.93640516737954
130.0 0.7379163972194005 -33.90774332104033 -34.64565971825973
132.0 1.104110413570483 -37.28894438397466 -38.39305479754514
134.0 1.683511938314886 -41.23116878926626 -42.91468072758115
136.0 2.677555187498735 -45.00631379463611 -47.68386898213485
138.0 4.411920719958662 -49.2992222392688 -53.71114295922746
140.0 7.801487805928339 -48.50035427036951 -56.30184207629785
