0.0 1.155608664452236 165.2581554204972 164.102546756045
2.0 0.05987601368803493 164.0909667936976 164.0310907800095
4.0 0 162.8693562990416 162.8693562990416
6.0 0.2503244750506824 161.407314358743 161.1569898836923
8.0 0.5596418299497944 159.6190588062717 159.0594169763219
10.0 0.8114833945572952 157.6462006443338 156.8347172497765
12.0 1.014625151019469 155.7254364735379 154.7108113225184
14.0 1.243414045198161 153.5834135323376 152.3399994871394
16.0 1.501606670311838 151.8228871821226 150.3212805118108
18.0 1.728757587205298 149.7549890430265 148.0262314558212
20.0 1.926649721226025 147.9968387966375 146.0701890754114
22.0 2.185603045246652 146.1683084898695 143.9827054446229
24.0 2.462209151095383 144.1388639732882 141.6766548221928
26.0 2.759468849392219 141.8604100058051 139.1009411564129
28.0 3.129833614033835 139.3632115375979 136.233377923564
30.0 3.408989552774325 137.9001652914933 134.491175738719
32.0 3.753190930389761 134.8549272100688 131.101736279679
34.0 4.140828606740023 132.9793596285529 128.8385310218129
36.0 4.481644252095943 129.947520777197 125.465876525101
38.0 4.761849932066125 126.8690500621069 122.1072001300407
40.0 5.206606682550094 123.8885276815092 118.6819209989591
42.0 5.519341136248651 119.8968338332759 114.3774926970272
44.0 5.572180722912245 116.0606970267788 110.4885163038666
46.0 5.932172439760037 114.9222918378083 108.9901193980483
48.0 6.077643908584885 108.4260910858573 102.3484471772724
50.0 6.079601375673875 104.6140026341099 98.53440125843602
52.0 6.222908861593668 104.5928106549758 98.36990179338212
54.0 6.325854684802658 99.46193973789277 93.13608505309011
56.0 6.597259491818102 94.43240258816436 87.83514309634626
58.0 6.249700109816768 93.25128285455591 87.00158274473915
60.0 6.276905122906908 85.7156506193326 79.4387454964257
62.0 6.535618510548464 84.93533004953301 78.39971153898455
64.0 6.502848703089843 78.11386126614498 71.61101256305514
66.0 6.700727984210331 75.66739814444739 68.96667016023705
68.0 6.781353830326574 72.28790367256391 65.50654984223733
70.0 7.058990215089393 69.76800669171425 62.70901647662486
72.0 7.293628443929265 70.20892754393584 62.91529910000657
74.0 7.9590081176812 66.94274660965364 58.98373849197244
76.0 7.978429351338685 63.12199312300803 55.14356377166935
78.0 8.151065707708736 65.79081559688207 57.63974988917333
80.0 8.004295265367381 57.66931885709874 49.66502359173136
82.0 7.980477855977506 48.77147229151136 40.79099443553386
84.0 8.392633708741978 51.29668657342621 42.90405286468423
86.0 7.816037507137579 45.35144093101969 37.53540342388211
88.0 7.621928055509528 43.08357071614472 35.46164266063519
90.0 7.221097586835868 36.44448897579058 29.22339138895471
92.0 7.167975899474175 34.36121481187301 27.19323891239883
94.0 7.033187716625362 28.87653028345203 21.84334256682667
96.0 6.340463419864331 29.47625265372216 23.13578923385783
98.0 6.002718409502543 24.00018660541969 17.99746819591714
100.0 5.715741482633305 21.93967191515137 16.22393043251806
102.0 5.338696317446946 17.99566373941638 12.65696742196944
104.0 4.996880863938028 14.00888370167173 9.012002837733703
106.0 4.509104246664874 9.607390278653017 5.098286031988142
108.0 4.184270771514987 5.678740947749343 1.494470176234356
110.0 3.746621723730178 2.924003937843858 -0.8226177858863205
112.0 3.40277361648186 -1.048879827970516 -4.451653444452376
114.0 3.050587773883675 -3.892002857127946 -6.94259063101162
116.0 2.745878637781651 -7.382930874313976 -10.12880951209563
118.0 2.427759764668519 -11.58609565420102 -14.01385541886954
120.0 2.194685458573327 -14.83222433803589 -17.02690979660922
122.0 2.016674145261154 -18.3248947127913 -20.34156885805245
124.0 1.860331390228498 -22.12095472302733 -23.98128611325583
126.0 1.860558883525584 -25.60342064647704 -27.46397953000262
128.0 1.883798398219675 -29.14968787441117 -31.03348627263085
130.0 2.103687725396359 -32.65065871301971 -34.75434643841607
132.0 2.49615046393092 -36.10322561382886 -38.59937607775978
134.0 3.106956938417833 -40.04615087205126 -43.15310781046909
136.0 4.134355690905209 -43.89063443698879 -48.024990127894
138.0 5.909975225433291 -48.00880205110823 -53.91877727654152
140.0 9.318725033120244 -47.54836873182552 -56.86709376494576
