0.0 1.147198140500949 165.6578613116108 164.5106631711099
2.0 0.05192989285626797 164.4986605747028 164.4467306818465
4.0 0 163.2962809523221 163.2962809523221
6.0 0.262103067999529 161.8432970352855 161.581193967286
8.0 0.5857880617516678 160.083228515474 159.4974404537223
10.0 0.8529053106311255 158.130014009824 157.2771086991929
12.0 1.070676892442615 156.2144236141123 155.1437467216696
14.0 1.315747455604011 154.0921653847186 152.7764179291146
16.0 1.587786604902712 152.3536104386792 150.7658238337765
18.0 1.830747408643341 150.2910660732077 148.4603186645644
20.0 2.042050179381215 148.556142497874 146.5140923184928
22.0 2.315373999300539 146.734485973723 144.4191119744225
24.0 2.607784866987018 144.7338533441582 142.1260684771712
26.0 2.922765524034101 142.46824089794 139.5454753739059
28.0 3.312936461528329 139.9621535285941 136.6492170670658
30.0 3.603855684459011 138.5716983979921 134.9678427135331
32.0 3.971306903761637 135.5629277602924 131.5916208565307
34.0 4.374554009853544 133.6868482417147 129.3122942318612
36.0 4.738687985245748 130.6378036399941 125.8991156547484
38.0 5.042012954348332 127.5737838237534 122.5317708694051
40.0 5.509737109176444 124.7809774970747 119.2712403878983
42.0 5.852412503014756 120.716944761807 114.8645322587923
44.0 5.932149335263007 116.8562186101824 110.9240692749193
46.0 6.302634821343057 115.6720749721697 109.3694401508267
48.0 6.494147012837262 109.1088439014986 102.6146968886613
50.0 6.521485819225293 105.565003089634 99.04351727040867
52.0 6.665605752944454 105.6374688697552 98.97186311681074
54.0 6.805412489445374 100.2813943810121 93.47598189156668
56.0 7.112117367670503 95.6248237425077 88.5127063748372
58.0 6.770932609977881 94.2560635272769 87.48513091729902
60.0 6.850435202144868 86.687309420959 79.83687421881413
62.0 7.117063783275651 85.68538689402308 78.56832311074743
64.0 7.130081660083163 79.16685585391954 72.03677419383638
66.0 7.345932898437791 76.79108239250751 69.44514949406972
68.0 7.450922281274574 73.26863821840376 65.81771593712919
70.0 7.748465685586245 70.56902887783478 62.82056319224854
72.0 7.981003905358101 71.2042036378697 63.2231997325116
74.0 8.67393721568411 67.81678062552626 59.14284340984215
76.0 8.718170180649034 64.47925697721372 55.76108679656468
78.0 8.874069918341095 67.00754252266261 58.13347260432152
80.0 8.78313813224856 58.63743471503891 49.85429658279035
82.0 8.820629383179959 49.71190928143273 40.89127989825277
84.0 9.219989717874056 51.72229241034256 42.50230269246851
86.0 8.678366654748171 46.37885045513046 37.70048380038229
88.0 8.497506142611856 44.41225714354714 35.91475100093528
90.0 8.141237648516715 37.32773395410297 29.18649630558625
92.0 8.100081759074207 35.83156969095555 27.73148793188134
94.0 8.00316888136803 30.06454293402316 22.06137405265513
96.0 7.30083585259693 30.86056313371825 23.55972728112132
98.0 6.999140002282935 25.2102723101058 18.21113230782287
100.0 6.723956686615968 23.2754984671801 16.55154178056413
102.0 6.371985467874486 19.19248889079619 12.8205034229217
104.0 6.055377579377192 15.18727431942529 9.131896740048101
106.0 5.594490656798372 10.81535756013518 5.220866903336804
108.0 5.294366741032138 6.924884974425972 1.630518233393834
110.0 4.87272247371177 4.166394601255546 -0.7063278724562242
112.0 4.553838059478362 0.2121988936605669 -4.341639165817795
114.0 4.218795259841261 -2.621018039091374 -6.839813298932635
116.0 3.936262522293934 -6.171362179033435 -10.10762470132737
118.0 3.644801519393123 -10.33299368580003 -13.97779520519316
120.0 3.432637846358471 -13.61756266660697 -17.05020051296545
122.0 3.277398746492885 -17.08513623243781 -20.3625349789307
124.0 3.146050039717062 -20.84929005190095 -23.99534009161801
126.0 3.170518171498581 -24.39783813110118 -27.56835630259976
128.0 3.218294490675276 -27.92055251554039 -31.13884700621566
130.0 3.46378019550292 -31.40168606195422 -34.86546625745714
132.0 3.883016369052279 -34.92928191486446 -38.81229828391674
134.0 4.525220577501035 -38.86968157999194 -43.39490215749297
136.0 5.586475382146518 -42.78972413295528 -48.37619951510179
138.0 7.402129068634286 -46.72956176686635 -54.13169083550063
140.0 10.83227866375335 -46.57329773492073 -57.40557639867408
