0.0 1.138970457756787 166.0534482082591 164.9144777505023
2.0 0.04411737056892931 164.9006302746093 164.8565129040404
4.0 0 163.7180281920897 163.7180281920897
6.0 0.2738176036144285 162.2746977591909 162.0008801555765
8.0 0.6116853488905127 160.5404506476329 159.9287652987424
10.0 0.8939408591417046 158.6077002116763 157.7137593525346
12.0 1.126306910442725 156.697249962038 155.5709430515952
14.0 1.387528363053844 154.593399197353 153.2058708342992
16.0 1.673263836302111 152.8767621764774 151.2034983401753
18.0 1.931995789763166 150.820147378666 148.8881515889028
20.0 2.156546363159591 149.1095755776439 146.9530292144843
22.0 2.444206981947734 147.290911742962 144.8467047610143
24.0 2.752224721768125 145.3192562810532 142.5670315592851
26.0 3.084829480860584 143.0690032576691 139.9841737768086
28.0 3.494871323705345 140.5529517973148 137.0580804736094
30.0 3.797069338016918 139.2313910444463 135.4343217064294
32.0 4.1875216987694 136.2587381734545 132.0712164746851
34.0 4.60638541144563 134.3810931588631 129.7747077474175
36.0 4.993958962734016 131.3138311471951 126.3198721844611
38.0 5.32027156768172 128.2736287151006 122.9533571474189
40.0 5.809732703582453 125.6524366030039 119.8427038994214
42.0 6.182805568657801 121.5276186797025 115.3448131110447
44.0 6.289654346259921 117.6288421643512 111.3391878180913
46.0 6.670932944842034 116.4027943188474 109.7318613740054
48.0 6.908912453496175 109.7820403170984 102.8731278636022
50.0 6.959793298795157 106.5069242282566 99.54713092946143
52.0 7.10408642949786 106.671902156532 99.56781572703415
54.0 7.282345080529554 101.0772995527973 93.7949544722677
56.0 7.621642091431735 96.83927168707904 89.21762959564731
58.0 7.28823662860214 95.24748044244236 87.95924381384022
60.0 7.420110396360819 87.69016637271298 80.27005597635216
62.0 7.696250487575514 86.44346063418619 78.74721014661067
64.0 7.75291329917054 80.24781766683067 72.49490436766013
66.0 7.986385040720462 77.90334221816671 69.91695717744625
68.0 8.116663125867328 74.25393427310702 66.13727114723969
70.0 8.435371112223563 71.36692407064662 62.93155295842306
72.0 8.664528511037216 72.18243022015641 63.51790170911919
74.0 9.385718278640301 68.7103456001331 59.32462732149279
76.0 9.451503864664163 65.84224337284395 56.39073950817979
78.0 9.591657501952366 68.22214669218552 58.63048919023315
80.0 9.558359950212265 59.57556571988646 50.01720576967419
82.0 9.65727818783092 50.64214000988405 40.98486182205313
84.0 10.04732893882228 52.15009507635471 42.10276613753244
86.0 9.536446468745842 47.44094752416484 37.904501055419
88.0 9.366878008473154 45.74307454017546 36.37619653170231
90.0 9.058171417137164 38.22937340365647 29.17120198651931
92.0 9.025053929813105 37.29250091287452 28.26744698306142
94.0 8.967897963728007 31.25898797144997 22.29109000772196
96.0 8.254733908737806 32.21502182314558 23.96028791440777
98.0 7.990202955737059 26.41320469007563 18.42300173433857
100.0 7.725982109836182 24.59538095005328 16.8693988402171
102.0 7.400058288765087 20.36747833150396 12.96742004273887
104.0 7.10874511782922 16.35537888191111 9.246633764081889
106.0 6.674541754858296 12.01432681309688 5.339785058238585
108.0 6.398947018035486 8.137748667166235 1.738801649130749
110.0 5.993260836282322 5.396892357164775 -0.5963684791175468
112.0 5.699209961936946 1.462183490026768 -4.237026471910178
114.0 5.381254400557961 -1.364876567360569 -6.74613096791853
116.0 5.121316644873547 -4.978057895340874 -10.09937454021442
118.0 4.856186098334825 -9.085690637775573 -13.9418767361104
120.0 4.665203197756286 -12.41057481743734 -17.07577801519362
122.0 4.532570681215128 -15.85478758557988 -20.38735826679501
124.0 4.425984456050147 -19.58333797575658 -24.00932243180673
126.0 4.475177099817255 -23.20709102430678 -27.68226812412404
128.0 4.547325744511471 -26.7053386158613 -31.25266436037277
130.0 4.818250188881252 -30.16014585101186 -34.97839603989311
132.0 5.264786489794489 -33.7665227724656 -39.03130926226009
134.0 5.938364904982918 -37.70286328558385 -43.64122819056677
136.0 7.034009463572731 -41.7028664341981 -48.73687589777083
138.0 8.88847550485296 -45.46497628099008 -54.35345178584304
140.0 12.34198762724064 -45.57745396460972 -57.91944159185037
