0.0 1.130917014800346 166.445039490482 165.3141224756817
2.0 0.03644120239181964 165.2969670206182 165.2605258182264
4.0 0 164.1346749551316 164.1346749551316
6.0 0.2854643607684973 162.7016237005816 162.4161593398131
8.0 0.6373467908253115 160.9909852405032 160.3536384496779
10.0 0.9345989037806712 159.0794017498367 158.144802846056
12.0 1.181524727895009 157.1740035470678 155.9924788191728
14.0 1.458776663752441 155.0871284494794 153.628351785727
16.0 1.758059036761162 153.3925313729583 151.6344723361971
18.0 2.032520336442206 151.3422499118447 149.3097295754025
20.0 2.270148730225233 149.657334841616 147.3871861113908
22.0 2.572138413657683 147.8379707354346 145.2658323217769
24.0 2.895565182066347 145.8955190720807 142.9999538900144
26.0 3.245682503569513 143.6626140007923 140.4169314972228
28.0 3.675665823879319 141.1358266530427 137.4601608291633
30.0 3.988686055286437 139.8796263145023 135.8909402592159
32.0 4.401895582815233 136.9425532806717 132.5406576978564
34.0 4.836389850442527 135.0623811801678 130.2259913297253
36.0 5.247530598225579 131.9758020952914 126.7282714970658
38.0 5.596640342577819 128.9676118536746 123.3709715110968
40.0 6.106724022616311 126.5025215671689 120.3957975445526
42.0 6.510566505288092 122.3291915611951 115.818625055907
44.0 6.644830307313886 118.3794218874231 111.7345915801092
46.0 7.037177763078118 117.1140352242772 110.0768574611991
48.0 7.321983947493312 110.4451453966831 103.1231614491898
50.0 7.394578841719018 107.4386284295415 100.0440495878225
52.0 7.538427812341558 107.6921279407854 100.1537001284439
54.0 7.756791738235261 101.8507846260574 94.09399288782217
56.0 8.125667337294118 98.08096467403911 89.95529733674499
58.0 7.801686394324127 96.2279193169169 88.42623292259277
60.0 7.985706941903001 88.72498339538721 80.73927645348421
62.0 8.273105798747302 87.20913875010795 78.93603295136065
64.0 8.371147557731655 81.35695130496461 72.98580374723295
66.0 8.622169541592549 79.00123860727323 70.37906906568068
68.0 8.778542795271139 75.24187974742668 66.46333695215554
70.0 9.119713985444036 72.16063867422782 63.04092468878378
72.0 9.344300189776604 73.14641996773369 63.80211977795708
74.0 10.09421217961534 69.6212290577784 59.52701687816305
76.0 10.17838732284629 67.21450636997904 57.03611904713275
78.0 10.3038244052154 69.44055735829108 59.13673295307568
80.0 10.33014827725276 60.48548608922807 50.15533781197531
82.0 10.49049782602573 51.5577253176404 41.06722749161467
84.0 10.87460505537819 52.57906794028538 41.70446288490719
86.0 10.39003717986556 48.53684805814815 38.14681087828259
88.0 10.23006412437282 47.06790743440683 36.83784331003401
90.0 9.971761964346519 39.14898358141511 29.17722161706859
92.0 9.942976573993815 38.74229138783932 28.79931481384551
94.0 9.927328304876716 32.46095367975155 22.53362537487484
96.0 9.202376461834723 33.53767250132344 24.33529603948872
98.0 8.975964299087831 27.60698652958946 18.63102223050163
100.0 8.721939898283327 25.89741306403481 17.17547316575148
102.0 8.423062995990171 21.52089619411251 13.09783319812234
104.0 8.157050566981059 17.51402249296885 9.356971925987788
106.0 7.749312629975136 13.20643292674312 5.45712029676798
108.0 7.498243689917635 9.316423617266962 1.818179927349327
110.0 7.108319763365727 6.615745164915291 -0.4925745984504356
112.0 6.838964689652203 2.702157981214475 -4.136806708437728
114.0 6.538070522563209 -0.12362601041751 -6.661696532980719
116.0 6.301167369229833 -3.803274697147349 -10.10444206637718
118.0 6.061959258523374 -7.845011067682 -13.90697032620537
120.0 5.892435620114596 -11.21133865140559 -17.10377427152019
122.0 5.782254852975561 -14.63327437034978 -20.41552922332534
124.0 5.700178480000133 -18.32328795092244 -24.02346643092258
126.0 5.774637802508961 -22.03122859171179 -27.80586639422075
128.0 5.870989259406346 -25.50409445967007 -31.37508371907642
130.0 6.167149419514835 -28.92541996475035 -35.09256938426519
132.0 6.641534556677552 -32.61433699499241 -39.25587155166996
134.0 7.346459330691838 -36.54684887980575 -43.89330821049759
136.0 8.477046613348478 -40.62909311393837 -49.10613972728685
138.0 10.3691298894594 -44.21827143606124 -54.58740132552064
140.0 13.84771142219813 -44.56377519508694 -58.41148661728507
