0.0 1.115297454869399 167.2167321399384 166.101434685069
2.0 0.02150853546002971 166.0730575601809 166.0515490247209
4.0 0 164.9529779047085 164.9529779047085
6.0 0.3085390296466184 163.5424531714485 163.2339141418019
8.0 0.6880080820719475 161.8729118025998 161.1849037205279
10.0 1.014815263420785 160.0053965369301 158.9905812735093
12.0 1.290760774808189 158.1096603115425 156.8188995367343
14.0 1.599755848119747 156.0521258734769 154.4523700253572
16.0 1.92568145004524 154.4025602119782 152.4768787619329
18.0 2.231469589073525 152.3655073720124 150.1340377829389
20.0 2.494709221748525 150.7365984870244 148.2418892652758
22.0 2.825430803312227 148.9052569669229 146.0798261636106
24.0 3.179078981398937 147.0223927171642 143.8433137357653
26.0 3.563847174419322 144.8279753997506 141.2641282253312
28.0 4.033938177842064 142.2785561272618 138.2446179494198
30.0 4.367336390574263 141.1433446375244 136.7760082469501
32.0 4.825352748905835 138.2751587592618 133.4498060103559
34.0 5.291174772682485 136.387158588791 131.0959838161085
36.0 5.749859945236825 133.2584829089709 127.5086229637341
38.0 6.143800100265295 130.3343150631053 124.19051496284
40.0 6.692219126647795 128.1377953255586 121.4455761989108
42.0 7.158370656924673 123.9051667928921 116.7467961359674
44.0 7.348702575445634 119.8169473773306 112.468244801885
46.0 7.76395670350242 118.4771875320145 110.7132308285121
48.0 8.143236459842752 111.7391834395508 103.5959469797081
50.0 8.253840370470164 109.2670470093131 101.013206638843
52.0 8.395125616055826 109.6754139627823 101.2802883467265
54.0 8.698739407753435 103.3350353614848 94.63629595373136
56.0 9.116400378803514 100.6649280867431 91.54852770793961
58.0 8.817251545808993 98.16243125229387 89.34517970648487
60.0 9.103771124050476 90.89129316994888 81.78752204589841
62.0 9.419556300610953 88.76080088371244 79.34124458310149
64.0 9.593053615922859 83.65939809501527 74.06634447909241
66.0 9.880168910220045 81.14284264536046 71.26267373514042
68.0 10.09065763157589 77.21722001636394 67.12656238478805
70.0 10.48077493763903 73.73227765470129 63.25150271706225
72.0 10.69286957182313 75.04454557750766 64.35167600568453
74.0 11.50087753415259 71.4841766282775 59.9832990941249
76.0 11.61254989290174 69.99391962296896 58.38136973006722
78.0 11.71169851611144 71.90897819052796 60.19727967441652
80.0 11.86410853429128 62.22700797093393 50.36289943664265
82.0 12.14708181464606 53.32919839207222 41.18211657742615
84.0 12.5288232178486 53.43637713871549 40.90755392086689
86.0 12.08287249364204 50.81971038762746 38.73683789398542
88.0 11.93822556373465 49.66941686667709 37.73119130294244
90.0 11.78839570675079 41.03954577727074 29.25115007051996
92.0 11.75803906292779 41.60688200851726 29.84884294558948
94.0 11.83007626702316 34.89144095664885 23.0613646896257
96.0 11.07982090507477 36.08045784368141 25.00063693860664
98.0 10.93187251008378 29.95988761379883 19.02801510371505
100.0 10.69619720415921 28.44081730421156 17.74462010005235
102.0 10.45444353689899 23.76427560950035 13.30983207260136
104.0 10.23871528784565 19.8058814051892 9.567166117343556
106.0 9.883169909497749 15.57672589561965 5.6935559861219
108.0 9.681929639697618 11.56814868048722 1.886219040789604
110.0 9.322319306612239 9.019622931891475 -0.302696374720764
112.0 9.101893092499684 5.154721780573601 -3.947171311926083
114.0 8.835190468279484 2.314353697293325 -6.520836770986159
116.0 8.645768793849814 -1.510700584661714 -10.15646937851153
118.0 8.456882065428097 -5.386903453490389 -13.84378551891849
120.0 8.331121855718594 -8.836906903389608 -17.1680287591082
122.0 8.265397594084629 -12.21429676118902 -20.47969435527365
124.0 8.23152914383044 -15.82217679273673 -24.05370593656717
126.0 8.358372585985544 -19.72480298770812 -28.08317557369367
128.0 8.502598690341934 -23.14361632429019 -31.64621501463213
130.0 8.848422519915406 -26.47432170312782 -35.32274422304323
132.0 9.380235986446752 -30.33912567540841 -39.71936166185516
134.0 10.14781348866942 -34.27196143186744 -44.41977492053685
136.0 11.34994393328151 -38.51591000393682 -49.86585393721833
138.0 13.31391943342929 -41.78966996602096 -55.10358939945025
140.0 16.84676655024404 -42.49762989593529 -59.34439644617933
