0.0 1.100266787446629 167.9739311066253 166.8736643191787
2.0 0.00715317553703156 166.8274814825786 166.8203283070416
4.0 0 165.7518160647024 165.7518160647024
6.0 0.3312953730443842 164.3665383093948 164.0352429363504
8.0 0.7378534192478717 162.7306338203445 161.9927804010966
10.0 1.093615242481246 160.9090446931326 159.8154294506513
12.0 1.398456800690993 159.0221464294789 157.6236896287879
14.0 1.73884745739696 156.9872649691746 155.2484175117776
16.0 2.090803235518962 155.3847658066009 153.293962571082
18.0 2.427742115615789 153.3607135339598 150.932971418344
20.0 2.715797486115371 151.7954302466789 149.0796327605635
22.0 3.075501867111024 149.9384131507489 146.8629112836379
24.0 3.458560231669392 148.1179288912802 144.6593686596108
26.0 3.877451849469463 145.963423975515 142.0859721260455
28.0 4.387953146893349 143.3915769186841 139.0036237717908
30.0 4.74019278503656 142.3662015916958 137.6260088066593
32.0 5.242123216783778 139.5627987978401 134.3206755810563
34.0 5.739402545581636 137.6631262448817 131.9237236993001
36.0 6.246223512426027 134.487903814381 128.241680301955
38.0 6.683735336417177 131.6672238044216 124.9834884680044
40.0 7.267266362519691 129.6864888177071 122.4192224551874
42.0 7.796191369477972 125.443065029982 117.646873660504
44.0 8.0447357876874 121.1724701513979 113.1277343637105
46.0 8.483867944672972 119.760988206587 111.277120261914
48.0 8.958315382946307 112.9875577063978 104.0292423234515
50.0 9.099849889593831 111.0419033977302 101.9420535081364
52.0 9.236777599461871 111.5619280136878 102.3251504142259
54.0 9.632193332206531 104.743037676653 95.11084434444643
56.0 10.08244428023516 103.4052595564818 93.32281527624666
58.0 9.818003961641463 100.0673827510869 90.2493787894454
60.0 10.2028970177831 93.18161826889885 82.97872125111574
62.0 10.55594953404227 90.33350454566343 79.77755501162116
64.0 10.79431534470059 86.06978540695495 75.27547006225437
66.0 11.12096401465167 83.1953463525276 72.07438233787593
68.0 11.38730109722126 79.17638657986239 67.78908548264113
70.0 11.8318224136633 75.2789732615098 63.4471508478465
72.0 12.02705676723453 76.92511874162914 64.89806197439461
74.0 12.89323080461719 73.38068615263121 60.48745534801402
76.0 13.0201382751768 72.81521551458987 59.79507723941307
78.0 13.0970338539263 74.44176039369763 61.34472653977133
80.0 13.38627473061363 63.87278518170825 50.48651045109463
82.0 13.79147174132279 54.99970851861328 41.20823677729049
84.0 14.1824333352343 54.28601609189521 40.10358275666091
86.0 13.75539908551272 53.19313325668274 39.43773417117002
88.0 13.62314153161 52.16343872462206 38.54029719301206
90.0 13.59018114453739 42.99198325847065 29.40180211393327
92.0 13.54597317712307 44.42993826782635 30.88396509070329
94.0 13.71094017048038 37.36110018117262 23.65016001069225
96.0 12.93510322176575 38.47657856938255 25.54147534761681
98.0 12.86755340289262 32.25582002330243 19.38826662040981
100.0 12.64791795316911 30.89241697355449 18.24449902038538
102.0 12.46724340938453 25.92503225707776 13.45778884769323
104.0 12.3008071777566 22.06737716515734 9.766569987400737
106.0 11.99628539125196 17.93574907395128 5.939463682699318
108.0 11.847326714198 13.67568131314503 1.828354598947024
110.0 11.5153350841333 11.38065191283311 -0.134683171300192
112.0 11.34313523299199 7.571859861464635 -3.771275371527358
114.0 11.11097472792512 4.693653287963459 -6.41732143996166
116.0 10.9711022880499 0.702988920287384 -10.26811336776252
118.0 10.83004593600543 -2.965420309981947 -13.79546624598738
120.0 10.74915398460853 -6.496943985024916 -17.24609796963344
122.0 10.7272584057391 -9.823282355806305 -20.5505407615454
124.0 10.74049680027896 -13.3497399169394 -24.09023671721836
126.0 10.92254559088819 -17.48064950258223 -28.40319509347042
128.0 11.1138876405296 -20.83926275150113 -31.95315039203073
130.0 11.50794274120617 -24.04515765191027 -35.55310039311644
132.0 12.09961599665316 -28.09833450237205 -40.19795049902521
134.0 12.92998638525812 -32.05441757325333 -44.98440395851145
136.0 14.205699818048 -36.43897831015459 -50.64467812820259
138.0 16.23776069646215 -39.46188082002475 -55.6996415164869
140.0 19.82886374638924 -40.40923762731017 -60.23810137369941
