0.0 1.09294880573339 168.347401498002 167.2544526922686
2.0 0.0001989380411873062 167.1967093372369 167.1965103991957
4.0 0 166.1441326292845 166.1441326292845
6.0 0.3425441586281759 164.7725156507312 164.429971492103
8.0 0.7624918372448493 163.1508410786752 162.3883492414303
10.0 1.132501252363506 161.3527980381319 160.2202967857684
12.0 1.451748746218963 159.4699379554265 158.0181892092076
14.0 1.807736880576553 157.4436746341625 155.635937753586
16.0 2.172470845420777 155.8656882766188 153.693217431198
18.0 2.524922359753881 153.847729873044 151.3228075132902
20.0 2.82505657294033 152.3176367252102 149.4925801522698
22.0 3.199401711720146 150.4426597467166 147.2432580349965
24.0 3.596850117822841 148.6549724054469 145.058122287624
26.0 4.032608558338263 146.5196285594188 142.4870200010806
28.0 4.563423464385533 143.9372184314149 139.3737949670294
30.0 4.924556125454981 142.9633795734094 138.0388234479544
32.0 5.448131538203565 140.1903882373863 134.7422566991828
34.0 5.961203970834063 138.2833186200296 132.3221146491955
36.0 6.492329543928558 135.0833897496216 128.5910602056931
38.0 6.951092476570462 132.319292916292 125.3682004397216
40.0 7.551191649792015 130.4287097184008 122.8775180686088
42.0 8.111482779915622 126.1964183534473 118.0849355735317
44.0 8.390100145371549 121.8202194126731 113.4301192673015
46.0 8.841523528362593 120.3734113512784 111.5318878229158
48.0 9.363678901765135 113.5937074285851 104.2300285268199
50.0 9.518093801410862 111.9067673653903 102.3886735639794
52.0 9.652375288411398 112.4627891494504 102.810413861039
54.0 10.09599226204757 105.4210811256811 95.32508886363356
56.0 10.55556355254026 104.8371167562384 94.28155320369816
58.0 10.31292563301587 101.0091291704841 90.69620353746825
60.0 10.74486516333495 94.36857018825748 83.62370502492254
62.0 11.12026390916006 91.1247762777347 80.00451236857464
64.0 11.38678025600108 87.31190512729556 75.92512487129448
66.0 11.73529751642268 84.18262048313732 72.44732296671463
68.0 12.02990196090059 80.1438515727654 68.11394961186481
70.0 12.50366154152044 76.04190910211516 63.53824756059471
72.0 12.68876990436798 77.86665647136704 65.17788656699906
74.0 13.5839250748082 74.33253891419684 60.74861383938864
76.0 13.71385729647392 74.23362898378825 60.51977168731433
78.0 13.78097717823956 75.73513304174885 61.95415586350929
80.0 14.14328608833349 64.66231219712465 50.51902610879116
82.0 14.60951322286958 55.79110278346244 41.18158956059286
84.0 15.00897746731126 54.70549664875807 39.69651918144681
86.0 14.58375231742764 54.39772486289269 39.81397254546505
88.0 14.45741017347372 53.35715963624598 38.89974946277226
90.0 14.48524849330051 43.98789646861243 29.50264797531192
92.0 14.42995494750063 45.82933628483866 31.39938133733803
94.0 14.64301454695753 38.61024636321529 23.96723181625776
96.0 13.85506603950863 39.61673750027787 25.76167146076925
98.0 13.82806619166137 33.37874807601978 19.55068188435842
100.0 13.61573837820982 32.0800403869376 18.46430200872778
102.0 13.46701068976809 26.97501164877029 13.5080009590022
104.0 13.32463622352774 23.18731852801985 9.862682304492109
106.0 13.0451099271488 19.11227768228833 6.067167755139536
108.0 12.92376121088181 14.67488158999198 1.751120379110166
110.0 12.60415311229548 12.54615560938392 -0.05799750291155418
112.0 12.45578284828135 8.766362664433617 -3.689420183847737
114.0 12.24111528205017 5.86159084741515 -6.379524434635019
116.0 12.12687491132335 1.779076288807043 -10.3477986225163
118.0 12.00863998424865 -1.770460359789113 -13.77910034403777
120.0 11.95057899217933 -5.341233566078392 -17.29181255825773
122.0 11.9503247796418 -8.63685755352441 -20.58718233316621
124.0 11.98672636599796 -12.12601511470997 -24.11274148070793
126.0 12.19755916470008 -16.38287934687844 -28.58043851157852
128.0 12.41214823549461 -19.70819108189861 -32.12033931739321
130.0 12.82964331542698 -22.83826877463544 -35.66791209006243
132.0 13.45219446003356 -26.98914392392087 -40.44133838395442
134.0 14.31413026693818 -30.96995936143012 -45.2840896283683
136.0 15.62727174774977 -35.41023152858038 -51.03750327633015
138.0 17.6922688473209 -38.33950170921427 -56.03177055653517
140.0 21.31351169955411 -39.36902722933678 -60.68253892889089
