8.0 112.0 8.706830684150705e-1
8.0 102.0 2.391986451689754e-1
24.0 104.0 1.482059447752559e5
-16.0 106.0 1.569285755061108e-10
-6.0 110.0 5.888943677543022e-6
-8.0 112.0 1.513258700256225e-6
-20.0 118.0 1.796823116451934e-10
-12.0 128.0 1.106232474204555e-7
-38.0 128.0 7.625298657556703e-17
-40.0 130.0 1.536077849533934e-17
-42.0 136.0 5.238109843296613e-19
-76.0 128.0 1.119370507259165e-32
-54.0 134.0 4.089952516928202e-23
-62.0 132.0 2.837750164311434e-26
-44.0 130.0 3.883918098592927e-19
-40.0 128.0 1.479781802692376e-17
-16.0 126.0 6.728312674824500e-9
-28.0 114.0 3.108536248841863e-14
-24.0 126.0 1.108896031418725e-11
-14.0 114.0 1.309187751961855e-8
-40.0 126.0 1.294809077355829e-17
-16.0 130.0 3.158187582060479e-9
-40.0 124.0 8.082503867966510e-18
-14.0 124.0 3.459996201613474e-8
-24.0 122.0 9.095439358827747e-12
-10.0 126.0 5.976167738821532e-7
-44.0 134.0 2.422074386207397e-19
-56.0 124.0 2.465629699464513e-24
-30.0 128.0 7.025542629443165e-14
-12.0 116.0 1.122743406655369e-7
-38.0 124.0 6.134318473118241e-17
-32.0 122.0 8.103700633224319e-15
-20.0 130.0 1.601060286643941e-10
-50.0 128.0 1.436846965998414e-21
6.0 122.0 1.661848517530516e-1
4.0 114.0 4.467447076665039e-2
-30.0 124.0 6.388381245388653e-14
-16.0 116.0 3.491660805010965e-9
-38.0 132.0 6.304716208482637e-17
-54.0 130.0 4.742970145681444e-23
-42.0 126.0 1.935823202957444e-18
-28.0 124.0 3.872348012843007e-13
-50.0 124.0 7.328883853414728e-22
-8.0 122.0 4.261830625211408e-6
-24.0 124.0 1.044106600369541e-11
-24.0 120.0 6.703214212396340e-12
-50.0 126.0 1.128262382696741e-21
-54.0 136.0 1.890314188496228e-23
-28.0 122.0 2.762156495399484e-13
-26.0 118.0 7.009641646032234e-13
-22.0 118.0 2.996246643243325e-11
-4.0 124.0 7.364974379744325e-5
-32.0 128.0 1.335844401258071e-14
-52.0 132.0 2.931054165873125e-22
-16.0 122.0 6.571384099318389e-9
-10.0 120.0 7.754442041592817e-7
-32.0 124.0 1.196562046624528e-14
-32.0 132.0 7.787149827238994e-15
-6.0 122.0 2.306502940371017e-5
-14.0 130.0 1.568947226557461e-8
-42.0 130.0 2.186341499810760e-18
-36.0 126.0 4.118037325178676e-16
-26.0 128.0 1.924123109548445e-12
-16.0 112.0 1.490821467308052e-9
-34.0 108.0 5.976137917399436e-18
-28.0 130.0 2.922024073911352e-13
-10.0 128.0 4.780934191057225e-7
-28.0 126.0 3.517086727261080e-13
-18.0 118.0 8.443590527125745e-10
-38.0 126.0 7.476200639112857e-17
-14.0 120.0 3.615851886370838e-8
-30.0 126.0 7.042310034286704e-14
-10.0 112.0 2.361315057778264e-7
-22.0 124.0 5.438121660864536e-11
-46.0 130.0 7.765287609362272e-20
-38.0 130.0 7.433601205271758e-17
-52.0 128.0 2.730795806714092e-22
-18.0 116.0 5.629060351417163e-10
-40.0 138.0 6.835948545046302e-19
-48.0 128.0 1.077786143321221e-20
-24.0 132.0 3.812608827125056e-12
-14.0 126.0 3.169065590066396e-8
-4.0 120.0 9.921053723302650e-5
-18.0 128.0 1.207285312211839e-9
-30.0 132.0 3.890037923701227e-14
-66.0 126.0 1.867172687334626e-28
2.0 120.0 1.030130466069160e-2
0.0 124.0 1.653083913782495e-3
10.0 100.0 6.588351680388017e-1
-18.0 130.0 7.332591773556568e-10
22.0 108.0 3.917253228140954e4
26.0 98.0 4.082071380384998e5
-8.0 118.0 3.999326564962879e-6
-16.0 120.0 6.591000171256653e-9
-20.0 124.0 2.929450917483892e-10
-64.0 128.0 2.472597737367183e-27
-78.0 136.0 5.635225657959142e-33
-56.0 134.0 6.423614217025968e-24
-2.0 122.0 3.969953786211227e-4
-28.0 118.0 1.429926674467257e-13
-8.0 124.0 3.644174012861928e-6
-16.0 124.0 7.454107336540262e-9
-22.0 120.0 3.893800703774365e-11
-26.0 114.0 2.775629913529542e-13
-36.0 130.0 4.219577971552945e-16
-14.0 116.0 1.828706701153068e-8
-10.0 130.0 2.448771171029311e-7
-6.0 118.0 1.979339402729738e-5
-24.0 134.0 1.968601943417512e-12
-38.0 136.0 1.490980184438461e-17
-30.0 130.0 6.120102767892017e-14
-32.0 126.0 1.259872207821593e-14
-42.0 132.0 1.844725640465329e-18
22.0 116.0 2.686116499296654e4
-6.0 128.0 8.996997285135172e-6
-16.0 108.0 4.904017984565962e-10
-28.0 128.0 3.890111077122103e-13
10.0 118.0 4.206409149786196e0
-8.0 116.0 2.918427493351290e-6
-16.0 128.0 5.080562632010337e-9
-12.0 114.0 7.650065368877268e-8
-56.0 126.0 3.438904580832084e-24
12.0 108.0 1.127449348195934e1
-40.0 134.0 6.514256848808829e-18
-8.0 128.0 1.991942574827071e-6
2.0 122.0 8.112277420294637e-3
-24.0 130.0 8.023921845322013e-12
-34.0 132.0 1.488058341432460e-15
-32.0 130.0 1.136417393487317e-14
4.0 110.0 2.796417254095673e-2
-20.0 128.0 2.279238661335916e-10
-34.0 124.0 1.990053926494012e-15
-46.0 128.0 6.845358066789738e-20
-8.0 120.0 4.369920532372567e-6
16.0 120.0 2.786615013643220e2
-18.0 126.0 1.422078404568546e-9
-24.0 116.0 2.815848349445303e-12
12.0 116.0 2.335430792691578e1
26.0 108.0 7.536131779172304e5
2.0 104.0 1.480812544974418e-3
-34.0 120.0 8.665399980229182e-16
-42.0 128.0 2.474817114369124e-18
-52.0 124.0 1.201550154954200e-22
-12.0 122.0 1.898757231843639e-7
8.0 118.0 9.472266348691427e-1
12.0 104.0 7.516328987972896e0
-2.0 114.0 2.661934330638742e-4
14.0 114.0 1.080625680903352e2
-16.0 132.0 1.843910762196802e-9
-12.0 118.0 1.293356375313783e-7
0.0 126.0 9.724023022249970e-4
-10.0 132.0 1.632514114019540e-7
-40.0 122.0 4.986221291680832e-18
-18.0 132.0 4.629161473204904e-10
-54.0 122.0 7.561256753984911e-24
-44.0 132.0 3.597282076556549e-19
-26.0 124.0 1.924123109548445e-12
6.0 116.0 1.896674938485915e-1
50.0 102.0 4.593755805701842e13
20.0 114.0 8.452033219831875e3
4.0 112.0 3.137443748497585e-2
36.0 116.0 3.927451588999791e8
-12.0 120.0 1.596056803578711e-7
8.0 110.0 7.654356645407214e-1
-34.0 136.0 3.346637233743684e-16
0.0 114.0 1.774634201560620e-3
-12.0 112.0 5.173425501255131e-8
-38.0 122.0 3.067159236559121e-17
8.0 120.0 7.941395019609984e-1
-38.0 118.0 1.022386412186374e-17
-10.0 122.0 8.337482796599795e-7
-42.0 124.0 1.730853687350185e-18
-26.0 138.0 3.763565984446837e-14
-36.0 118.0 8.687366412020769e-17
-36.0 134.0 1.703626400279398e-16
-12.0 126.0 1.342889172666226e-7
0.0 116.0 2.029889805894681e-3
4.0 102.0 4.433344427224848e-3
12.0 106.0 9.126970913967088e0
6.0 110.0 1.192195675619718e-1
-18.0 124.0 1.422078404568546e-9
2.0 110.0 6.309549104673607e-3
4.0 116.0 4.978986818267906e-2
-30.0 122.0 4.912849619157153e-14
-34.0 128.0 2.480097235720766e-15
0.0 120.0 1.786789230338432e-3
-46.0 132.0 6.006598777973604e-20
-18.0 120.0 1.248021933176042e-9
-34.0 130.0 2.002006202328811e-15
-20.0 122.0 2.398094665147912e-10
24.0 102.0 1.185647558202048e5
18.0 110.0 1.635581825275650e3
-62.0 120.0 4.365769483556053e-28
-48.0 130.0 1.195269940934435e-20
-70.0 128.0 7.763761324186529e-30
-54.0 132.0 4.605492750154446e-23
-26.0 122.0 1.665377948117725e-12
-20.0 120.0 2.188348776067920e-10
-44.0 128.0 3.726268286472919e-19
-24.0 128.0 1.024171390815946e-11
-44.0 126.0 3.353641457825627e-19
-2.0 116.0 4.635437368870912e-4
-36.0 122.0 2.448257807024035e-16
-10.0 114.0 3.818916945295711e-7
10.0 114.0 4.966603574446351e0
-12.0 130.0 6.494300097320271e-8
0.0 110.0 9.116271583359347e-4
-24.0 118.0 5.556939663064624e-12
-36.0 120.0 1.308746108823908e-16
-16.0 118.0 4.550928689677213e-9
-6.0 126.0 1.464056830944724e-5
-44.0 122.0 1.390184706876435e-19
-42.0 134.0 1.108353676987399e-18
-30.0 116.0 1.240787958421943e-14
-26.0 108.0 1.881782992223419e-14
-6.0 120.0 1.873011252996322e-5
-52.0 134.0 2.202841950749367e-22
-50.0 132.0 1.745431549300086e-21
-28.0 132.0 2.060515456375178e-13
-20.0 134.0 4.614409559759830e-11
-10.0 118.0 6.967337022333396e-7
-18.0 122.0 1.403561758675727e-9
-34.0 134.0 7.828740671793261e-16
-26.0 130.0 1.444268446531474e-12
-22.0 128.0 4.989344630599016e-11
-26.0 126.0 1.989985514276265e-12
-14.0 122.0 3.449605822629650e-8
24.0 122.0 2.371295116404095e4
24.0 114.0 1.244929936112150e5
2.0 112.0 6.888997491837510e-3
-28.0 120.0 2.175975374189304e-13
-4.0 122.0 8.967939391806326e-5
-36.0 132.0 3.170324625685501e-16
-22.0 134.0 6.731655453982800e-12
-40.0 120.0 3.297339886434098e-18
-8.0 132.0 4.632424592621096e-7
-52.0 136.0 1.110523628063731e-22
-4.0 128.0 4.548954763959730e-5
-26.0 132.0 9.785271559561776e-13
-12.0 124.0 1.816202569589567e-7
4.0 124.0 3.376162294578923e-2
-58.0 134.0 1.090201635377354e-24
4.0 126.0 1.875645719210513e-2
0.0 104.0 2.187905180006243e-4
10.0 98.0 3.040777698640623e-1
-64.0 132.0 3.708896606050775e-27
-50.0 138.0 1.832220963353682e-22
-48.0 124.0 4.903671552551528e-21
-58.0 130.0 1.224945657727364e-24
-50.0 134.0 1.388630624857527e-21
-28.0 116.0 6.572333783265654e-14
-34.0 122.0 1.284869652240879e-15
2.0 118.0 9.915005735915668e-3
-32.0 120.0 4.906537492772537e-15
-60.0 130.0 1.202520109558807e-25
-70.0 134.0 1.164564198627979e-29
-14.0 128.0 2.535252472053116e-8
-16.0 114.0 2.098919697394232e-9
-4.0 130.0 2.339462450036433e-5
-20.0 126.0 2.824577972943896e-10
-14.0 132.0 7.377169078515216e-9
-52.0 130.0 3.040285998141689e-22
-22.0 126.0 5.834101393451760e-11
-8.0 114.0 2.038266820753282e-6
-8.0 108.0 5.713323664232684e-7
-22.0 114.0 1.029547304726781e-11
26.0 104.0 7.222126288373458e5
-4.0 116.0 8.448058847353785e-5
-36.0 124.0 3.181606919727087e-16
12.0 124.0 8.321649950969992e0
-48.0 134.0 8.223865832924958e-21
24.0 112.0 1.541341825662662e5
-2.0 110.0 1.858764489497742e-4
18.0 102.0 8.377370324582600e2
-30.0 114.0 5.365569549932727e-15
-76.0 132.0 2.611864516938053e-32
20.0 118.0 3.592114118428547e3
-18.0 134.0 2.036831048210158e-10
-50.0 136.0 6.557422395160546e-22
-6.0 130.0 6.134316330773981e-6
-66.0 132.0 4.045540822558356e-28
-48.0 136.0 3.320194280373430e-21
-38.0 134.0 3.727450461096154e-17
-58.0 136.0 6.492211985955031e-25
-22.0 122.0 5.015743279438165e-11
-8.0 102.0 7.720707654368493e-8
0.0 118.0 1.847564374227494e-3
-10.0 124.0 8.774763362855029e-7
-2.0 106.0 5.736927436721426e-5
-62.0 118.0 4.365769483556053e-28
24.0 116.0 1.600624203572764e5
18.0 120.0 1.236659428866955e3
40.0 94.0 1.101866743366395e10
-26.0 120.0 1.194932200061871e-12
-14.0 104.0 6.234227390294549e-10
-10.0 116.0 5.451431059315251e-7
-72.0 128.0 5.234606226528306e-31
-66.0 130.0 4.512333994392013e-28
-32.0 116.0 1.962614997109015e-15
-18.0 114.0 4.147728679991594e-10
14.0 106.0 4.834378046146576e1
-6.0 112.0 9.978487898059009e-6
-2.0 128.0 1.698130521269542e-4
-26.0 116.0 4.281056307308277e-13
-36.0 128.0 4.524199910675751e-16
-68.0 136.0 5.287451386340674e-29
-28.0 134.0 1.101309985303974e-13
-50.0 120.0 1.735788281071909e-22
-30.0 118.0 2.028855986068312e-14
-6.0 116.0 1.374086858093372e-5
26.0 110.0 6.280109815976920e5
12.0 118.0 2.120678535892353e1
-4.0 118.0 8.794645876988812e-5
10.0 106.0 2.635340672155207e0
-20.0 132.0 1.083687093579960e-10
-2.0 130.0 1.078542358103628e-4
-10.0 98.0 5.830407550069787e-9
-32.0 118.0 3.482058865838574e-15
6.0 124.0 1.029623538035211e-1
-2.0 126.0 2.294770974688571e-4
34.0 116.0 7.414829070042257e7
4.0 118.0 4.978986818267906e-2
-34.0 126.0 2.181290339850794e-15
-60.0 136.0 1.017517015780529e-25
-60.0 128.0 1.318147043170231e-25
-12.0 134.0 1.706129686584139e-8
-32.0 136.0 2.025925158306080e-15
4.0 122.0 3.887702036181790e-2
-64.0 138.0 9.066191703679672e-28
8.0 128.0 1.722230245216623e-1
2.0 116.0 8.434193190941250e-3
48.0 92.0 1.734566311260914e13
66.0 84.0 9.486121815364397e18
48.0 80.0 5.781887704203047e12
16.0 102.0 1.205022708602474e2
34.0 114.0 1.235804845007043e8
8.0 108.0 5.358049651785050e-1
4.0 106.0 1.500516575368410e-2
24.0 110.0 1.956318471033379e5
-70.0 132.0 1.608207702867210e-29
-54.0 126.0 2.199638328431974e-23
-24.0 112.0 7.226513463178210e-13
8.0 122.0 5.549408567920230e-1
8.0 124.0 4.209896154973967e-1
8.0 114.0 9.280907432556246e-1
-2.0 120.0 4.337117142161398e-4
30.0 94.0 3.523865544048922e6
-4.0 114.0 6.065273018612974e-5
22.0 102.0 2.014587374472491e4
16.0 100.0 1.506278385753092e2
-20.0 114.0 5.733054301519789e-11
-6.0 114.0 1.259579619918924e-5
36.0 98.0 1.047320423733278e9
44.0 84.0 2.060888551553346e11
-14.0 118.0 2.743060051729601e-8
32.0 112.0 3.266388565359336e7
20.0 124.0 2.746910796445359e3
10.0 124.0 2.229903645669790e0
-48.0 122.0 2.196436216247038e-21
-8.0 126.0 3.180931553599819e-6
18.0 116.0 1.236659428866955e3
10.0 110.0 2.990098070329946e0
8.0 116.0 1.081177876163769e0
16.0 110.0 3.539754206519767e2
2.0 124.0 6.373932258802929e-3
18.0 112.0 1.755258544198259e3
2.0 126.0 3.734222939500706e-3
-10.0 134.0 3.206724152538383e-8
2.0 108.0 3.862989247759351e-3
10.0 112.0 4.003690636543487e0
-2.0 112.0 2.340666394182342e-4
-12.0 110.0 2.916931399643851e-8
-44.0 124.0 2.006452154254649e-19
2.0 132.0 3.219157706466126e-4
-34.0 118.0 5.796853779877453e-16
-46.0 124.0 3.300923652760269e-20
10.0 116.0 4.206409149786196e0
-14.0 110.0 4.571766752882669e-9
-6.0 124.0 1.635817688206395e-5
-10.0 110.0 2.040642642524425e-7
-12.0 132.0 3.302186490162850e-8
-42.0 122.0 9.033841613801404e-19
-40.0 118.0 1.729092867276417e-18
-50.0 130.0 1.822577695125505e-21
-30.0 120.0 3.118737300898398e-14
-46.0 126.0 4.626704464114803e-20
-46.0 134.0 4.626704464114803e-20
-12.0 108.0 1.430947479070568e-8
-28.0 110.0 1.154599178141264e-14
12.0 112.0 1.691174022293902e1
0.0 122.0 1.823254316671869e-3
14.0 124.0 2.843751791850927e1
40.0 100.0 3.672889144554651e10
0.0 112.0 1.604463798671245e-3
4.0 120.0 4.706165622746377e-2
-42.0 120.0 4.934451301656229e-19
-6.0 108.0 3.517008029643749e-6
-48.0 132.0 1.088002125722370e-20
-58.0 132.0 1.188197287995543e-24
-36.0 116.0 4.174448795386603e-17
-36.0 114.0 1.805167046653666e-17
-12.0 106.0 8.255466225407124e-9
-48.0 126.0 6.589308648741115e-21
14.0 118.0 7.678129837997504e1
-44.0 116.0 1.719816132218270e-20
8.0 106.0 4.783972903379509e-1
30.0 108.0 1.585739494822015e7
2.0 128.0 2.060260932138321e-3
-20.0 116.0 1.027754856491962e-10
30.0 112.0 7.047731088097844e6
-34.0 138.0 8.366593084359210e-17
-62.0 134.0 2.794092469475874e-26
2.0 106.0 2.253410394526288e-3
16.0 108.0 2.861928932930875e2
12.0 120.0 1.395889669194966e1
18.0 104.0 9.574137513808686e2
-56.0 120.0 5.839649288205425e-25
-8.0 130.0 1.034574825685378e-6
12.0 126.0 4.831925777982576e0
-22.0 116.0 1.531121632670598e-11
24.0 120.0 5.928237791010238e4
24.0 94.0 2.964118895505119e4
28.0 104.0 2.328501482657102e6
22.0 104.0 2.462273457688600e4
22.0 112.0 2.798038020100681e4
-70.0 136.0 8.872870084784604e-30
14.0 104.0 4.692190456554030e1
-2.0 124.0 3.006149976842027e-4
-56.0 130.0 7.396889098393539e-24
-38.0 138.0 2.342968861260439e-18
-40.0 132.0 1.182216983672713e-17
-54.0 124.0 1.752836792969229e-23
-36.0 138.0 1.128229404158541e-17
-26.0 134.0 4.798546630169717e-13
-32.0 134.0 3.893574913619497e-15
-6.0 132.0 2.944471838771511e-6
-4.0 110.0 2.599402722262703e-5
-2.0 118.0 3.924058366717456e-4
-52.0 120.0 2.730795806714092e-23
-22.0 130.0 3.656212864222031e-11
16.0 98.0 4.518835157259276e1
-68.0 132.0 7.637429780269863e-29
32.0 98.0 3.733015503267813e7
-64.0 130.0 3.791316530629681e-27
-56.0 138.0 1.167929857641085e-24
-18.0 112.0 2.221997507138354e-10
24.0 108.0 1.778471337303071e5
24.0 96.0 4.149766453707167e4
2.0 114.0 8.369810036811927e-3
-56.0 136.0 3.244249604558570e-24
16.0 116.0 3.991637722245694e2
-38.0 116.0 3.620951876493406e-18
-6.0 100.0 1.635817688206395e-7
-20.0 136.0 1.048729445399961e-11
14.0 102.0 2.985939381443474e1
-12.0 136.0 4.953279735244275e-9
-46.0 138.0 2.435107612692002e-21
-44.0 136.0 1.132212287043695e-19
-62.0 126.0 1.440703929573497e-26
28.0 118.0 1.995858413706087e6
-22.0 136.0 2.243885151327600e-12
14.0 120.0 4.976565635739123e1
12.0 114.0 1.986458375392837e1
-8.0 110.0 1.158106148155274e-6
28.0 114.0 2.162179948181594e6
6.0 112.0 1.390894954889671e-1
8.0 104.0 2.296306993622164e-1
20.0 104.0 5.705122423386515e3
-10.0 100.0 1.749122265020936e-8
-62.0 136.0 1.658992403751300e-26
-36.0 110.0 4.512917616634166e-18
20.0 96.0 1.690406643966375e3
38.0 112.0 4.160544262187241e9
30.0 88.0 3.523865544048922e6
68.0 86.0 5.024492649142186e19
84.0 76.0 6.224958335412058e25
76.0 86.0 3.954598745630391e22
60.0 82.0 1.915124803633555e17
36.0 80.0 1.309150529666597e8
48.0 98.0 8.672831556304570e12
62.0 82.0 6.762550146250105e17
62.0 92.0 3.381275073125052e17
28.0 102.0 3.492752223985652e6
10.0 122.0 2.787379557087238e0
30.0 110.0 1.761932772024461e7
26.0 116.0 4.082071380384998e5
14.0 112.0 1.094844439862607e2
18.0 114.0 1.595689585634781e3
-4.0 112.0 4.245691113029082e-5
4.0 130.0 6.138476899234405e-3
-64.0 126.0 1.153878944104686e-27
-60.0 134.0 1.364397816614800e-25
10.0 120.0 3.294175840194009e0
-60.0 124.0 5.781346680571187e-26
-56.0 132.0 6.748039177481825e-24
12.0 110.0 1.583797893894289e1
20.0 112.0 6.127724084378109e3
-62.0 138.0 5.675500328622869e-27
28.0 116.0 1.829536879230580e6
6.0 108.0 7.044792628661970e-2
-22.0 104.0 3.959797325872235e-13
-34.0 110.0 2.988068958699718e-17
-54.0 138.0 4.468015354627447e-24
-4.0 126.0 5.588715852864812e-5
16.0 112.0 3.539754206519767e2
68.0 96.0 5.024492649142186e19
46.0 106.0 5.457984236600832e11
40.0 96.0 2.203733486732791e10
0.0 106.0 4.497360647790611e-4
-26.0 110.0 6.586240472781965e-14
8.0 126.0 3.444460490433246e-1
18.0 108.0 1.476012866712172e3
-24.0 114.0 1.619735776229599e-12
14.0 116.0 8.673442965145328e1
-70.0 130.0 1.164564198627979e-29
14.0 108.0 6.825004300442225e1
-80.0 132.0 3.989430597710148e-34
22.0 94.0 6.715291248241635e3
-28.0 112.0 1.953937070700600e-14
20.0 120.0 3.380813287932750e3
18.0 118.0 1.795150783839129e3
0.0 128.0 7.414567554465602e-4
-54.0 128.0 3.883736423637704e-23
-32.0 138.0 2.532406447882600e-16
-56.0 128.0 6.877809161664167e-24
-30.0 134.0 2.095925605442472e-14
10.0 108.0 2.686020300465884e0
32.0 114.0 4.199642441176290e7
-22.0 112.0 5.675709500416871e-12
6.0 114.0 2.077310646913145e-1
22.0 100.0 2.350351936884572e4
-22.0 132.0 1.993097987355692e-11
0.0 108.0 6.199064676684356e-4
-18.0 110.0 1.185065337140455e-10
-30.0 136.0 7.545332179592898e-15
-68.0 134.0 9.693660874957903e-29
-58.0 138.0 2.082407618136520e-25
-40.0 136.0 2.412687721781048e-18
-44.0 120.0 6.735946517854892e-20
-26.0 112.0 1.176114370139637e-13
-36.0 136.0 8.010428769525644e-17
-46.0 120.0 9.740430450768006e-21
-62.0 128.0 1.571677014080179e-26
-46.0 136.0 2.137483348918535e-20
-16.0 134.0 4.904017984565962e-10
6.0 118.0 1.932802080171361e-1
-26.0 136.0 1.223158944945222e-13
-44.0 138.0 1.576498121200081e-20
-40.0 114.0 4.825375443562095e-19
-46.0 122.0 2.299823856431335e-20
6.0 126.0 7.406064045516430e-2
18.0 124.0 7.180603135356514e2
-68.0 126.0 2.349978393929189e-29
16.0 122.0 1.958161901479020e2
-32.0 112.0 3.798609671823899e-16
-60.0 138.0 3.468808008342712e-26
16.0 118.0 2.334731497917293e2
-4.0 104.0 6.498506805656758e-6
-42.0 116.0 9.868902603312458e-20
16.0 114.0 3.991637722245694e2
38.0 96.0 7.627664480676609e9
10.0 102.0 9.629129379028640e-1
-2.0 104.0 2.983202267095142e-5
4.0 92.0 6.820529888038228e-4
8.0 132.0 5.740767484055410e-2
-4.0 132.0 6.931740592700542e-6
-60.0 126.0 6.706362149462577e-26
-60.0 132.0 1.711278617449071e-25
-50.0 122.0 3.760874608989136e-22
-4.0 108.0 2.036198799105784e-5
-38.0 120.0 2.300369427419341e-17
-66.0 134.0 5.757115785948430e-28
-20.0 108.0 1.048729445399961e-11
-34.0 114.0 1.434273100175865e-16
-68.0 130.0 5.581198685581823e-29
34.0 102.0 3.213092597018311e8
-76.0 134.0 1.119370507259165e-32
-52.0 122.0 5.643644667209123e-23
-42.0 118.0 2.732926874763450e-19
4.0 128.0 9.548741843253519e-3
2.0 102.0 7.082146954225477e-4
-40.0 108.0 4.021146202968413e-20
22.0 114.0 3.693410186532900e4
-58.0 124.0 2.449891315454729e-25
-20.0 112.0 3.985171892519854e-11
40.0 102.0 2.203733486732791e10
-14.0 134.0 4.675670542720911e-9
-64.0 134.0 4.120996228945306e-27
18.0 128.0 1.595689585634781e2
6.0 106.0 8.851149712934269e-2
-46.0 118.0 5.140782737905337e-21
-66.0 136.0 3.423149926780148e-28
40.0 104.0 1.101866743366395e10
32.0 120.0 2.333134689542383e7
-14.0 112.0 8.831822136250611e-9
-20.0 106.0 6.991529635999743e-12
16.0 104.0 2.184103659341984e2
28.0 92.0 1.663215344755073e5
36.0 92.0 6.545752648332986e8
20.0 106.0 7.395529067352890e3
-24.0 106.0 7.475703582598148e-14
14.0 110.0 9.526568502700606e1
6.0 120.0 1.950865651014084e-1
16.0 106.0 3.464440287232112e2
-48.0 120.0 1.072678152120647e-21
-62.0 130.0 2.750434774640313e-26
-58.0 128.0 7.962146775227869e-25
20.0 108.0 6.761626575865500e3
44.0 104.0 4.121777103106693e11
50.0 94.0 4.593755805701842e13
28.0 110.0 3.326430689510145e6
-52.0 126.0 1.547450957137985e-22
-24.0 110.0 3.488661671879136e-13
-10.0 108.0 1.166081510013957e-7
10.0 128.0 8.108740529708329e-1
26.0 96.0 3.140054907988460e5
32.0 92.0 1.866507751633907e7
22.0 106.0 2.686116499296654e4
-74.0 138.0 1.581151515001454e-31
-4.0 100.0 1.299701361131352e-6
-58.0 126.0 4.532298933591248e-25
34.0 104.0 2.965931628016903e8
26.0 118.0 3.140054907988460e5
-64.0 122.0 4.120996228945306e-28
-56.0 122.0 1.038159873458742e-24
24.0 118.0 8.299532907414333e4
20.0 122.0 2.113008304957969e3
-28.0 136.0 3.286166891632827e-14
-52.0 138.0 2.366689699152213e-23
18.0 106.0 1.515905106353042e3
48.0 96.0 8.672831556304570e12
-14.0 138.0 2.078075796764850e-10
-24.0 136.0 6.977323343758272e-13
34.0 108.0 1.730126783009860e8
-68.0 124.0 5.874945984822971e-30
-10.0 104.0 3.206724152538383e-8
48.0 100.0 1.445471926050762e13
26.0 106.0 4.710082361982690e5
4.0 108.0 1.977953667531086e-2
-34.0 116.0 2.151409650263797e-16
30.0 116.0 3.523865544048922e6
-14.0 106.0 1.558556847573637e-9
-20.0 110.0 1.747882408999936e-11
12.0 128.0 2.147522567992256e0
-2.0 108.0 9.179083898754282e-5
30.0 106.0 1.497642856220792e7
14.0 122.0 4.407815277368937e1
8.0 98.0 8.611151226083115e-2
24.0 92.0 1.778471337303071e4
4.0 94.0 1.023079483205734e-3
-6.0 104.0 1.226863266154796e-6
30.0 104.0 7.047731088097844e6
32.0 108.0 5.132896316993243e7
50.0 84.0 3.062503870467895e13
34.0 94.0 1.730126783009860e8
20.0 102.0 4.226016609915937e3
-72.0 134.0 1.360997618897359e-30
-28.0 138.0 3.552612855819272e-15
-42.0 112.0 1.518292708201917e-20
34.0 124.0 2.471609690014086e7
28.0 124.0 3.326430689510145e5
18.0 122.0 5.185991153313038e2
-32.0 114.0 1.107927820948637e-15
34.0 100.0 2.224448721012677e8
-30.0 108.0 5.030221453061932e-16
-30.0 110.0 1.341392387483182e-15
10.0 104.0 1.368349964388280e0
-66.0 128.0 4.045540822558356e-28
-70.0 122.0 5.545543802990378e-31
46.0 100.0 3.274790541960499e12
-48.0 118.0 4.597192080517057e-22
-8.0 100.0 3.088283061747397e-8
-72.0 132.0 1.360997618897359e-30
6.0 98.0 1.083814250563380e-2
28.0 108.0 2.993787620559131e6
-86.0 136.0 2.684192213683496e-36
22.0 118.0 1.678822812060409e4
6.0 128.0 3.251442751690140e-2
42.0 100.0 9.727166801675381e10
22.0 120.0 7.834506456281908e3
28.0 100.0 1.496893810279565e6
28.0 96.0 1.663215344755073e6
26.0 100.0 3.768065889586152e5
0.0 130.0 3.524958345565614e-4
32.0 104.0 5.599523254901720e7
42.0 90.0 9.727166801675381e10
12.0 102.0 6.174127382977736e0
-22.0 108.0 7.919594651744471e-13
30.0 118.0 3.523865544048922e6
30.0 120.0 5.285798316073383e6
30.0 102.0 1.145256301815900e7
20.0 110.0 8.452033219831875e3
0.0 100.0 6.077514388906231e-5
18.0 126.0 1.595689585634781e2
12.0 122.0 8.858530592968056e0
-2.0 102.0 1.606339682281999e-5
-56.0 140.0 2.595399683646856e-25
2.0 100.0 3.219157706466126e-4
36.0 88.0 5.236602118666389e8
60.0 102.0 6.383749345445183e16
74.0 76.0 7.466214303520471e21
42.0 94.0 3.890866720670152e10
60.0 92.0 6.383749345445183e16
36.0 108.0 5.236602118666389e8
48.0 106.0 1.445471926050762e13
28.0 106.0 2.827466086083623e6
-24.0 108.0 1.993520955359506e-13
6.0 102.0 1.445085667417840e-2
42.0 106.0 3.890866720670152e10
6.0 104.0 3.251442751690140e-2
20.0 100.0 2.324309135453766e3
24.0 90.0 4.149766453707167e4
-62.0 114.0 4.365769483556053e-28
16.0 88.0 7.531391928765461e0
-8.0 134.0 2.007383990135808e-7
0.0 132.0 1.093952590003122e-4
-54.0 120.0 2.749547910539968e-24
-22.0 110.0 2.111891907131859e-12
2.0 130.0 1.352046236715773e-3
18.0 94.0 1.994611982043476e2
52.0 96.0 4.055302565888494e14
40.0 110.0 1.469155657821860e10
34.0 98.0 1.977287752011268e8
40.0 92.0 1.101866743366395e10
38.0 106.0 4.853968305885115e9
20.0 98.0 2.324309135453766e3
-2.0 100.0 1.147385487344285e-5
4.0 104.0 9.207715348851607e-3
36.0 118.0 2.618301059333194e8
32.0 110.0 5.132896316993243e7
28.0 112.0 1.496893810279565e6
-32.0 108.0 1.582754029926625e-16
-32.0 110.0 1.899304835911950e-16
-64.0 136.0 2.225337963630465e-27
-14.0 108.0 2.285883376441334e-9
-76.0 130.0 2.611864516938053e-32
0.0 134.0 3.646508633343739e-5
-34.0 104.0 5.976137917399436e-18
-4.0 134.0 3.465870296350271e-6
-46.0 114.0 1.623405075128001e-21
16.0 124.0 1.054394870027164e2
10.0 130.0 4.054370264854164e-1
-48.0 140.0 1.021598240114902e-22
-60.0 122.0 9.250154688913899e-27
36.0 106.0 1.047320423733278e9
-6.0 106.0 2.208353879078633e-6
28.0 98.0 2.494823017132609e6
-16.0 110.0 6.277143020244431e-10
-8.0 106.0 3.551525521009507e-7
22.0 110.0 2.574194978492627e4
-54.0 116.0 6.873869776349919e-25
-66.0 138.0 1.555977239445522e-28
-6.0 134.0 8.179088441031975e-7
54.0 104.0 8.591905171989012e14
56.0 94.0 6.826318841942672e15
32.0 100.0 6.532777130718673e7
50.0 92.0 4.593755805701842e13
30.0 90.0 5.285798316073383e6
20.0 88.0 2.113008304957969e2
24.0 98.0 4.149766453707167e4
4.0 98.0 2.046158966411468e-3
50.0 90.0 3.062503870467895e13
20.0 116.0 5.916423253882312e3
46.0 94.0 5.457984236600832e11
2.0 134.0 6.438315412932252e-5
34.0 82.0 4.943219380028171e7
68.0 66.0 2.512246324571093e20
44.0 72.0 3.091332827330019e11
42.0 98.0 1.167260016201046e11
48.0 84.0 2.890943852101523e12
22.0 96.0 5.596076040201363e3
28.0 94.0 8.316076723775363e5
16.0 92.0 1.506278385753092e1
-4.0 96.0 8.664675740875677e-7
-6.0 102.0 3.271635376412790e-7
10.0 94.0 5.067962831067705e-2
16.0 96.0 7.531391928765461e1
-18.0 102.0 1.851664589281962e-11
24.0 106.0 9.485180465616381e4
-48.0 138.0 6.129589440689410e-22
38.0 114.0 3.467120218489368e9
48.0 104.0 5.781887704203047e12
18.0 100.0 4.388146360495648e2
-40.0 140.0 4.021146202968413e-20
10.0 126.0 9.122333095921870e-1
-42.0 138.0 9.868902603312458e-20
-16.0 104.0 5.884821581479154e-11
-28.0 108.0 7.993378925593363e-15
-72.0 130.0 1.256305494366793e-30
34.0 106.0 2.224448721012677e8
20.0 92.0 1.056504152478984e3
36.0 100.0 1.178235476699937e9
52.0 86.0 1.622121026355398e14
58.0 92.0 1.205232303902968e16
18.0 96.0 3.191379171269562e2
-24.0 138.0 7.475703582598148e-14
-58.0 122.0 1.102451091954628e-25
-16.0 136.0 1.176964316295831e-10
14.0 126.0 1.564063485518010e1
26.0 90.0 1.570027453994230e5
-72.0 124.0 2.093842490611322e-31
-30.0 112.0 2.347436678095568e-15
38.0 104.0 3.467120218489368e9
-34.0 112.0 4.780910333919549e-17
14.0 100.0 1.137500716740371e1
-82.0 134.0 7.531454637235805e-35
8.0 92.0 2.870383742027705e-2
-4.0 106.0 7.798208166788109e-6
26.0 92.0 9.420164723965380e4
30.0 82.0 8.809663860122305e5
46.0 90.0 2.183193694640333e12
32.0 90.0 1.866507751633907e7
40.0 84.0 7.345778289109302e9
80.0 92.0 1.109443554273245e24
40.0 88.0 2.938311315643721e10
44.0 80.0 2.060888551553346e11
50.0 78.0 1.531251935233947e13
78.0 78.0 2.094614043249375e23
54.0 90.0 8.591905171989012e14
58.0 78.0 2.410464607805935e16
54.0 92.0 1.288785775798352e15
-84.0 132.0 4.739419770696395e-36
-72.0 126.0 1.046921245305661e-31
-70.0 138.0 2.772771901495189e-30
-40.0 116.0 6.031719304452619e-19
-8.0 98.0 3.088283061747397e-8
22.0 90.0 3.357645624120818e3
44.0 100.0 2.060888551553346e11
8.0 100.0 5.740767484055410e-2
58.0 96.0 3.615696911708903e16
58.0 104.0 1.205232303902968e16
34.0 110.0 1.482965814008451e8
32.0 96.0 4.199642441176290e7
12.0 90.0 2.684403209990320e-1
-42.0 114.0 3.036585416403833e-20
8.0 94.0 9.567945806759017e-3
36.0 102.0 1.178235476699937e9
-72.0 138.0 3.140763735916983e-31
62.0 84.0 3.381275073125052e17
42.0 96.0 7.781733441340304e10
58.0 88.0 3.615696911708903e16
58.0 100.0 3.615696911708903e16
32.0 94.0 2.799761627450860e7
30.0 100.0 6.166764702085614e6
26.0 88.0 9.420164723965380e4
74.0 70.0 3.733107151760236e22
58.0 80.0 2.410464607805935e16
40.0 82.0 1.101866743366395e10
-2.0 96.0 4.589541949377141e-6
14.0 92.0 4.265627687776391e0
-10.0 106.0 4.955846417559319e-8
-76.0 126.0 1.119370507259165e-32
-44.0 140.0 4.299540330545676e-21
60.0 90.0 6.383749345445183e16
74.0 86.0 7.466214303520471e21
78.0 88.0 2.094614043249375e23
64.0 80.0 7.1638219698598690e18
48.0 72.0 5.781887704203047e12
64.0 74.0 5.3728664773949017e18
58.0 74.0 1.205232303902968e16
62.0 78.0 2.0287650438750314e18
52.0 74.0 8.110605131776989e13
26.0 76.0 3.140054907988460e4
78.0 74.0 2.094614043249375e23
52.0 64.0 1.622121026355398e14
64.0 68.0 1.253668844725477e19
62.0 74.0 6.762550146250105e17
72.0 72.0 9.867250010421949e21
94.0 54.0 1.297486353399891e30
106.0 56.0 1.432371499545858e34
68.0 64.0 4.019594119313749e20
80.0 68.0 6.656661325639471e24
90.0 64.0 1.387479816095835e28
108.0 48.0 1.820801932327281e35
84.0 58.0 3.112479167706029e26
104.0 54.0 3.786060309692727e33
86.0 60.0 1.648566592967212e27
100.0 58.0 1.542360725555245e32
92.0 58.0 1.714756043664037e29
74.0 58.0 2.986485721408188e22
92.0 54.0 7.348954472845871e28
66.0 64.0 5.691673089218638e19
78.0 60.0 8.378456172997500e23
80.0 72.0 4.437774217092980e24
84.0 56.0 2.178735417394220e26
106.0 44.0 2.005320099364201e34
110.0 54.0 3.214673405997930e35
110.0 38.0 7.233015163495342e35
106.0 50.0 3.151217299000888e34
112.0 42.0 3.831019794070137e36
124.0 36.0 2.537450986265032e41
136.0 22.0 3.153737883536753e46
148.0 26.0 5.954695638951146e50
144.0 28.0 1.632825186077539e49
154.0 24.0 8.030824149449589e52
154.0 20.0 1.674222661664914e53
154.0 22.0 1.313516153257433e53
146.0 24.0 1.513443439417936e50
122.0 32.0 6.742559560457596e40
166.0 16.0 2.133436977247032e57
152.0 10.0 8.467917378318724e52
156.0 8.0 3.395592279153735e54
138.0 24.0 2.044019107732284e47
152.0 14.0 7.285749853576201e52
134.0 32.0 2.742140233445501e45
154.0 26.0 5.444626541999721e52
156.0 26.0 2.234890884368700e53
152.0 22.0 2.287237167436621e52
152.0 12.0 7.863983968939392e52
142.0 14.0 8.262008604378446e48
158.0 14.0 9.565077653552913e54
156.0 12.0 2.252914197952319e54
154.0 10.0 5.172395214899735e53
162.0 6.0 6.957144871008131e56
158.0 8.0 1.937835093484273e55
140.0 16.0 1.274693396256149e48
156.0 24.0 3.424429580887525e53
148.0 20.0 1.493254444844672e51
156.0 10.0 2.836869558061560e54
158.0 22.0 2.100116850081478e54
142.0 16.0 8.539464117212050e48
160.0 8.0 9.889523865079806e55
146.0 12.0 3.407409800746667e50
158.0 10.0 1.533085300559479e55
172.0 14.0 1.607220425405964e59
140.0 10.0 7.915904195928599e47
152.0 6.0 9.971326078263020e52
154.0 0.0 1.701445794374913e53
156.0 6.0 3.947105674812463e54
140.0 8.0 5.296671189922813e47
158.0 6.0 2.394133209092885e55
142.0 12.0 7.460470456192477e48
138.0 12.0 1.285753954863856e47
156.0 16.0 1.405818459522247e54
146.0 14.0 3.649560751053537e50
150.0 10.0 1.438661405512613e52
134.0 24.0 4.583291533044623e45
136.0 30.0 1.888093075012135e46
120.0 38.0 7.035053432521007e39
136.0 34.0 8.506792975329400e45
124.0 26.0 3.289288315528745e41
136.0 16.0 2.469044790400484e46
158.0 16.0 7.522236717564567e54
166.0 24.0 3.455566934977586e56
148.0 16.0 1.836794577861084e51
158.0 20.0 2.825611761927807e54
156.0 20.0 8.398864129966244e53
142.0 24.0 5.179169572893951e48
130.0 18.0 6.423437781878836e43
154.0 18.0 2.116598568202392e53
150.0 24.0 4.197106629910321e51
146.0 22.0 2.291785779690017e50
148.0 10.0 2.070401868312245e51
170.0 8.0 2.115744522949308e59
150.0 14.0 1.222740891025897e52
138.0 28.0 1.065966954032428e47
154.0 8.0 5.662411603679710e53
134.0 22.0 4.935852420201902e45
148.0 24.0 9.390096969115268e50
150.0 6.0 1.482330723049252e52
164.0 12.0 1.256639202448394e57
162.0 10.0 3.513384938707725e56
150.0 4.0 1.441087478709093e52
170.0 16.0 3.034533977138449e58
164.0 10.0 1.648097915626449e57
164.0 2.0 4.507448516231374e57
148.0 0.0 4.030870894059237e50
158.0 4.0 2.697695553786480e55
168.0 4.0 1.023332229858420e59
160.0 0.0 5.470585287329422e55
158.0 2.0 2.333038900726878e55
164.0 4.0 4.345759047744786e57
162.0 2.0 8.183616137721651e56
142.0 6.0 3.298637763688409e48
150.0 8.0 1.414400673547813e52
152.0 8.0 9.059001140689986e52
160.0 10.0 8.008694172948063e55
170.0 4.0 4.577088748850494e59
174.0 4.0 8.228775971914832e60
160.0 6.0 1.324670374565904e56
148.0 8.0 2.024596517243390e51
170.0 6.0 3.333772744328491e59
162.0 18.0 8.783462346769311e55
140.0 22.0 1.082616309149058e48
166.0 26.0 1.201936325209595e56
136.0 14.0 2.406799963751733e46
148.0 14.0 2.221559526839466e51
154.0 14.0 3.593453517719816e53
158.0 18.0 4.410245385171104e54
144.0 26.0 2.367596519812431e49
144.0 10.0 4.637223528460210e49
148.0 18.0 1.722281200188947e51
162.0 12.0 2.661817552648993e56
142.0 28.0 3.421951324947789e48
140.0 20.0 1.268872878465025e48
126.0 26.0 2.936826068563603e42
166.0 14.0 3.515663751238066e57
154.0 16.0 2.824400018662355e53
162.0 22.0 3.695481109311479e55
160.0 20.0 1.395454287710647e55
160.0 12.0 6.663799823197947e55
158.0 12.0 1.193248210273567e55
150.0 20.0 6.720222754249474e51
150.0 16.0 9.849857177708615e51
142.0 2.0 1.633904686686782e48
166.0 12.0 4.597406443926702e57
132.0 8.0 1.479213440458666e44
176.0 10.0 6.762891525785000e60
176.0 6.0 1.909890662374467e61
138.0 18.0 2.022040407649141e47
128.0 36.0 9.227545385605786e42
140.0 28.0 6.286159214413888e47
146.0 30.0 5.880808793166837e49
140.0 18.0 1.228129253927158e48
128.0 24.0 1.502771677084371e43
126.0 28.0 2.737719216457596e42
138.0 20.0 2.055008457773855e47
118.0 28.0 8.222388301278560e38
112.0 34.0 3.405350928062344e36
152.0 20.0 3.546502574227569e52
150.0 18.0 8.321431063926243e51
120.0 22.0 4.690035621680671e39
140.0 24.0 1.024411131237819e48
120.0 32.0 7.370055976926769e39
114.0 24.0 1.127292259372070e37
140.0 26.0 7.974109373839839e47
152.0 16.0 5.730942565599622e52
136.0 24.0 2.593534443697988e46
146.0 16.0 3.225796588016515e50
142.0 18.0 8.354493775322981e48
142.0 22.0 7.707097578711237e48
144.0 16.0 5.518949128942081e49
168.0 18.0 4.694914584886997e57
138.0 14.0 1.615434456110999e47
128.0 14.0 5.536527231363472e42
146.0 8.0 2.732846439177530e50
144.0 22.0 4.131047720776173e49
172.0 8.0 7.701264538403575e59
172.0 6.0 1.279079588552246e60
174.0 0.0 4.043450262061599e60
142.0 20.0 8.323665385008136e48
146.0 20.0 2.516640233546396e50
180.0 12.0 4.040179665909444e61
156.0 14.0 1.802331358361855e54
144.0 18.0 4.963788565675718e49
170.0 2.0 4.994337170707031e59
178.0 4.0 1.057990164195862e62
160.0 2.0 1.481406182243550e56
154.0 2.0 5.179200998077235e53
158.0 0.0 8.572295142605306e54
166.0 4.0 2.223582201637751e58
166.0 0.0 9.194812887853403e57
160.0 4.0 1.611850822181719e56
168.0 6.0 7.249266418359414e58
190.0 0.0 6.588992957459067e64
172.0 0.0 1.029067522377985e60
176.0 4.0 3.093396679386842e61
180.0 2.0 4.286103645573497e62
156.0 2.0 3.774081864409724e54
156.0 4.0 4.404897839836374e54
154.0 4.0 6.724113779369656e53
130.0 8.0 2.792799035599494e42
162.0 4.0 8.740616188980193e56
150.0 12.0 1.445939625102053e52
144.0 12.0 5.176055839865798e49
144.0 8.0 3.510574150066708e49
166.0 10.0 7.722440889471649e57
176.0 8.0 1.214815700002120e61
178.0 10.0 2.222111003169991e61
174.0 2.0 8.961799118838280e60
170.0 0.0 2.162105458711145e59
142.0 4.0 2.435442834872751e48
170.0 10.0 1.251745265569610e59
172.0 10.0 5.469013947561959e59
162.0 0.0 3.218817603907534e56
152.0 2.0 7.272900206568131e52
144.0 0.0 5.061758076840370e48
146.0 4.0 2.248544538563791e50
164.0 6.0 3.594044852149245e57
176.0 2.0 3.531732241243278e61
182.0 0.0 8.187230627502630e62
162.0 20.0 5.570000512585417e55
166.0 20.0 8.263312235815967e56
156.0 28.0 9.011656791809275e52
178.0 6.0 6.500503830168930e61
166.0 8.0 1.101274157973292e58
166.0 2.0 2.279171756678695e58
164.0 8.0 2.413995397931340e57
140.0 12.0 1.024411131237819e48
144.0 6.0 3.069711349825773e49
160.0 14.0 3.862779260184546e55
156.0 22.0 4.577921650239112e53
152.0 18.0 4.266082806679539e52
154.0 12.0 4.587097861634765e53
182.0 6.0 8.745450897559628e62
188.0 4.0 3.179247972114116e64
150.0 2.0 1.060193986861740e52
148.0 2.0 1.241325013965970e51
172.0 2.0 2.006793281166613e60
174.0 8.0 2.884800771763246e60
154.0 6.0 6.547163416754665e53
174.0 6.0 5.332152246168950e60
162.0 8.0 5.013000461326875e56
172.0 4.0 2.084922051846069e60
164.0 0.0 1.875030502976047e57
168.0 2.0 1.093358074514362e59
148.0 22.0 1.103908960759405e51
164.0 18.0 3.716021117849654e56
144.0 4.0 2.530879038420185e49
152.0 24.0 1.786100934121855e52
174.0 10.0 1.619744695621167e60
148.0 12.0 2.180334710877496e51
150.0 0.0 3.081112959529542e51
160.0 22.0 9.606388212500834e54
144.0 2.0 1.747122949102966e49
166.0 6.0 1.600077732935274e58
134.0 10.0 1.018509229565472e45
180.0 4.0 3.548331706581338e62
168.0 8.0 5.172363525722962e58
138.0 22.0 1.758296006651427e47
138.0 16.0 1.846210806983998e47
178.0 8.0 3.648241945502971e61
166.0 30.0 1.502420406511994e55
156.0 0.0 1.322911217037602e54
180.0 6.0 2.037655831502154e62
144.0 20.0 4.637223528460210e49
156.0 18.0 1.027328874266257e54
146.0 26.0 1.081031028155669e50
144.0 24.0 3.102367853547323e49
134.0 20.0 5.053372715920995e45
116.0 22.0 8.359086290629040e37
146.0 32.0 3.286334325593232e49
152.0 0.0 2.467132225549613e52
182.0 2.0 1.665357139003376e63
168.0 0.0 4.742659478970593e58
158.0 24.0 1.317346024142018e54
170.0 20.0 9.693650204747824e57
174.0 16.0 3.783345274443601e59
140.0 4.0 3.084874429295704e47
168.0 12.0 2.251967504276305e58
186.0 4.0 1.096138683845224e64
136.0 10.0 1.141155155227115e46
138.0 6.0 4.285846516212853e46
188.0 6.0 1.796966245107979e64
162.0 16.0 1.296096273120837e56
158.0 26.0 8.400467400325912e53
146.0 18.0 3.243093084467006e50
178.0 14.0 6.633167173641765e60
146.0 2.0 1.461553950066464e50
146.0 28.0 7.869905884973267e49
130.0 14.0 3.072078939159444e43
140.0 30.0 4.831029766632895e47
132.0 18.0 5.768932417788796e44
132.0 14.0 3.402190913054931e44
132.0 12.0 1.775056128550399e44
164.0 22.0 1.304862377260184e56
148.0 6.0 2.020015982136504e51
178.0 2.0 1.376382188530666e62
180.0 0.0 1.721467857648372e62
172.0 12.0 3.125150827178262e59
170.0 12.0 8.260675826654668e58
152.0 4.0 9.303144433843333e52
178.0 0.0 6.798996352982809e61
164.0 14.0 8.595071745865993e56
160.0 16.0 2.558332860802854e55
188.0 2.0 4.008617008317799e64
164.0 16.0 5.304549229296834e56
160.0 18.0 1.981949568052804e55
162.0 26.0 1.392500128146354e55
176.0 0.0 1.552960276291370e61
126.0 30.0 2.239952086192579e42
124.0 34.0 2.913369650896889e41
124.0 28.0 3.571227314002638e41
134.0 30.0 2.859660529164594e45
142.0 42.0 9.248517094453484e46
116.0 36.0 2.627141405626270e38
128.0 30.0 1.423678430922036e43
128.0 38.0 7.118392154610178e42
120.0 24.0 3.015022899651860e39
134.0 34.0 1.919498163411851e45
130.0 20.0 9.635156672818255e43
136.0 26.0 2.884010301392162e46
120.0 36.0 1.005007633217287e40
138.0 34.0 4.175953015797139e46
138.0 36.0 2.197870008314284e46
118.0 32.0 1.391481097139449e39
128.0 28.0 1.687322584796487e43
118.0 26.0 1.264982815581317e39
130.0 16.0 4.328838505179216e43
132.0 26.0 6.582499810041062e44
172.0 22.0 2.232250590841616e58
132.0 36.0 2.736544864848531e44
130.0 34.0 7.261277492558685e43
120.0 30.0 7.370055976926769e39
174.0 14.0 6.029706531144489e59
152.0 28.0 5.782341153631906e51
148.0 4.0 1.992532771495191e51
134.0 2.0 2.350405914381858e44
140.0 2.0 1.338719091958513e47
168.0 10.0 3.111375597781044e58
134.0 6.0 6.267749105018288e44
182.0 12.0 1.302513963466328e62
184.0 4.0 3.843528261131245e63
140.0 14.0 1.076795791357934e48
134.0 28.0 3.838996326823701e45
122.0 44.0 2.838972446508462e40
120.0 42.0 6.030045799303720e39
110.0 36.0 8.840351866494307e35
164.0 28.0 1.134662936747986e55
136.0 28.0 2.593534443697988e46
128.0 26.0 1.450042846309481e43
148.0 34.0 1.145133776721374e50
132.0 24.0 6.656460482063995e44
166.0 18.0 1.307105753665435e57
142.0 26.0 4.408459815022827e48
164.0 24.0 7.375309088861908e55
150.0 22.0 5.482925424044697e51
130.0 24.0 1.103155619061800e44
146.0 10.0 3.191203595115534e50
144.0 14.0 5.567933884524407e49
130.0 26.0 1.284687556375767e44
170.0 26.0 2.528778314282041e57
136.0 2.0 1.244896532975034e45
142.0 8.0 4.655086937541587e48
152.0 26.0 1.053671054661814e52
124.0 24.0 2.913369650896889e41
138.0 10.0 9.121160534504277e46
150.0 26.0 2.110683680937560e51
116.0 38.0 2.746556924063828e38
174.0 12.0 1.075888812419899e60
140.0 6.0 3.550515852585622e47
168.0 14.0 1.352771999035236e58
162.0 14.0 1.863807863826659e56
168.0 20.0 3.342142585851760e57
180.0 8.0 1.141789905583104e62
132.0 4.0 2.218820160687998e43
134.0 26.0 5.092546147827359e45
136.0 18.0 3.070744781338417e46
128.0 32.0 1.476407261696926e43
120.0 20.0 2.010015266434573e39
124.0 16.0 1.221735660053534e41
166.0 32.0 3.004840813023988e55
184.0 0.0 2.710180184131006e63
142.0 10.0 6.288991624228369e48
128.0 16.0 2.372797384870059e42
118.0 16.0 1.897474223371975e38
174.0 24.0 3.546886194790876e58
128.0 34.0 1.212763107822475e43
160.0 24.0 4.954873920132009e54
194.0 4.0 1.437584399331396e66
130.0 4.0 1.396399517799747e42
124.0 30.0 4.323064643266351e41
116.0 44.0 2.627141405626270e38
98.0 48.0 2.911981557322420e31
142.0 46.0 3.082839031484495e46
120.0 40.0 4.355033077274909e39
138.0 44.0 3.296805012471426e45
150.0 36.0 1.940858557183963e50
136.0 32.0 1.431631012921289e46
124.0 44.0 8.458169954216774e40
120.0 56.0 3.350025444057622e38
134.0 40.0 7.834686381272860e44
116.0 42.0 1.671817258125808e38
126.0 36.0 1.642631529874558e42
112.0 50.0 3.405350928062344e36
124.0 48.0 2.819389984738925e40
112.0 48.0 5.533695258101309e36
104.0 58.0 1.622597275582597e33
104.0 46.0 4.326926068220260e33
126.0 42.0 6.470972693445227e41
146.0 42.0 2.594474467573605e48
128.0 20.0 1.054576615497804e43
134.0 16.0 3.251394848228237e45
130.0 12.0 2.234239228479595e43
124.0 14.0 3.759186646318566e40
184.0 2.0 4.434840301305283e63
146.0 6.0 2.317730524365753e50
190.0 6.0 5.124772300245941e64
186.0 6.0 7.568576626550356e63
178.0 12.0 8.954775684416383e60
170.0 18.0 1.095803936188884e58
138.0 8.0 8.242012531178564e46
172.0 16.0 9.821902599703110e58
172.0 18.0 4.910951299851555e58
182.0 4.0 1.228084594125395e63
142.0 34.0 1.233135612593798e48
150.0 30.0 1.310079526099175e51
136.0 12.0 1.576868941768377e46
134.0 12.0 1.841151299599122e45
134.0 14.0 2.820487097258230e45
162.0 24.0 1.606730917091947e55
122.0 30.0 4.790766003483029e40
138.0 30.0 7.802438529515707e46
124.0 22.0 2.067552655475211e41
136.0 20.0 3.049996505788834e46
134.0 18.0 4.465771237325530e45
130.0 28.0 1.061263633527808e44
176.0 12.0 3.193587664954028e60
124.0 38.0 2.537450986265032e41
122.0 38.0 5.145637559296587e40
190.0 4.0 8.785323943278756e64
176.0 16.0 1.001909855671852e60
182.0 8.0 4.186652025427481e62
168.0 16.0 7.480033406430130e57
146.0 0.0 4.064676665865314e49
138.0 2.0 2.307763508729998e46
132.0 16.0 3.771994273169597e44
186.0 8.0 4.697737216479531e63
170.0 14.0 5.015410323326048e58
132.0 32.0 3.624072929123731e44
114.0 44.0 3.607335229990623e37
122.0 28.0 4.435894447669471e40
126.0 32.0 2.190175373166077e42
130.0 36.0 5.306318167639039e43
138.0 4.0 2.417657009145712e46
174.0 18.0 2.955738495659063e59
162.0 34.0 1.606730917091947e54
142.0 40.0 1.541419515742247e47
138.0 26.0 1.659391856277284e47
126.0 14.0 3.982137042120140e41
176.0 14.0 2.003819711343704e60
154.0 28.0 2.177850616799888e52
116.0 34.0 1.552401739688250e38
110.0 40.0 9.644020217993790e35
108.0 42.0 1.517334943606067e35
114.0 54.0 4.509169037488279e36
110.0 42.0 1.125135692099275e36
142.0 30.0 2.342957663928216e48
126.0 24.0 2.439058938298586e42
132.0 22.0 6.360617793972262e44
186.0 10.0 2.348868608239766e63
182.0 14.0 1.860734233523325e61
134.0 8.0 1.018509229565472e45
150.0 28.0 1.601208309676770e51
144.0 36.0 2.775802816331816e48
154.0 30.0 1.633387962599916e52
134.0 4.0 4.309077509700073e44
128.0 10.0 2.372797384870059e42
160.0 28.0 1.719037890658044e54
150.0 38.0 7.278219589439863e49
166.0 28.0 9.014522439071964e55
132.0 20.0 7.100224514201595e44
132.0 30.0 5.768932417788796e44
132.0 10.0 1.627134784504532e44
130.0 22.0 9.076596865698356e43
132.0 28.0 6.212696449926396e44
148.0 30.0 2.152851500236183e50
194.0 0.0 4.107383998089703e65
180.0 14.0 1.405279883794589e61
120.0 34.0 7.035053432521007e39
122.0 36.0 4.081022891855914e40
178.0 16.0 4.643217021549236e60
142.0 32.0 1.788046638261007e48
138.0 32.0 6.813397025774279e46
156.0 30.0 7.569791705119791e52
116.0 16.0 1.194155184375577e37
122.0 20.0 1.242050445347452e40
140.0 36.0 1.687950159425951e47
144.0 30.0 1.159305882115052e49
112.0 38.0 5.959364124109102e36
130.0 44.0 5.585598071198988e42
120.0 48.0 1.675012722028811e39
140.0 38.0 9.312828465798352e46
140.0 0.0 3.492310674674382e46
116.0 28.0 1.552401739688250e38
184.0 8.0 1.034796070304566e63
182.0 10.0 2.139844368551824e62
168.0 26.0 3.978741173633048e56
148.0 28.0 3.572817383370687e50
126.0 18.0 6.968739823710245e41
184.0 6.0 2.168144147304805e63
186.0 2.0 1.331025544669200e64
180.0 10.0 7.202059404447270e61
118.0 24.0 4.427439854534609e38
124.0 20.0 1.879593323159283e41
136.0 8.0 7.261896442354366e45
142.0 0.0 3.699406837781394e47
132.0 42.0 1.035449408321066e44
122.0 24.0 4.435894447669471e40
118.0 30.0 8.222388301278560e38
148.0 32.0 1.053523074583664e50
124.0 32.0 3.289288315528745e41
154.0 32.0 8.166939812999582e51
136.0 6.0 4.149655109916780e45
130.0 30.0 9.914436576378204e43
170.0 22.0 3.371704419042722e57
154.0 34.0 3.402891588749826e51
144.0 32.0 5.878170669879139e48
172.0 20.0 3.794826004430747e58
130.0 10.0 1.256759566019772e43
122.0 18.0 8.871788895338942e39
114.0 34.0 2.705501422492967e37
132.0 38.0 1.257331424389866e44
152.0 34.0 6.424823504035451e50
132.0 34.0 2.810505536871465e44
136.0 4.0 2.074827554958390e45
106.0 26.0 2.864742999091716e33
140.0 32.0 3.666926208408101e47
148.0 36.0 4.580535106885497e49
144.0 34.0 4.408628002409354e48
130.0 46.0 1.396399517799747e43
110.0 34.0 4.018341757497412e35
136.0 38.0 4.979586131900136e45
174.0 20.0 1.182295398263625e59
126.0 16.0 1.144864399609540e42
136.0 44.0 8.299310219833561e44
110.0 44.0 1.044768856949327e36
116.0 32.0 1.791232776563366e38
126.0 22.0 1.443524677768551e42
118.0 34.0 1.328231956360383e39
136.0 40.0 2.489793065950068e45
126.0 46.0 3.982137042120140e41
160.0 32.0 6.067192555263684e53
126.0 12.0 9.955342605300350e40
164.0 20.0 1.957293565890276e56
120.0 18.0 1.005007633217287e39
166.0 22.0 4.507261219535982e56
128.0 12.0 2.109153230995608e42
118.0 36.0 1.075235393244119e39
114.0 36.0 2.705501422492967e37
160.0 34.0 2.022397518421228e53
122.0 26.0 3.726151336042356e40
168.0 28.0 7.957482347266096e55
112.0 32.0 4.256688660077930e36
104.0 36.0 2.704328792637662e33
156.0 34.0 1.081398815017113e52
128.0 48.0 5.272883077489021e41
134.0 36.0 1.331896684816386e45
172.0 24.0 8.929002363366464e57
110.0 46.0 7.233015163495342e35
126.0 48.0 1.493301390795052e41
116.0 50.0 9.553241475004618e37
120.0 46.0 4.690035621680671e39
126.0 38.0 1.642631529874558e42
122.0 42.0 2.306665112788125e40
110.0 52.0 6.429346811995860e35
96.0 42.0 1.374456200162906e30
136.0 42.0 8.299310219833561e44
130.0 40.0 2.653159083819519e43
118.0 42.0 1.075235393244119e39
108.0 46.0 1.062134460524247e35
116.0 40.0 1.910648295000924e38
112.0 22.0 4.256688660077930e35
128.0 22.0 1.502771677084371e43
174.0 22.0 5.911476991318127e58
184.0 18.0 4.927600334783648e61
188.0 0.0 1.658738072407365e64
120.0 44.0 4.020030532869147e39
142.0 36.0 5.857394159820540e47
120.0 50.0 2.680020355246098e39
110.0 56.0 3.214673405997930e35
120.0 52.0 1.005007633217287e39
90.0 58.0 5.087425992351393e28
98.0 54.0 2.547983862657118e31
108.0 60.0 3.034669887212135e34
102.0 50.0 1.327505333883134e33
72.0 60.0 8.457642866075956e21
78.0 66.0 1.675691234599500e24
98.0 58.0 3.275979251987723e31
70.0 64.0 1.064523708244892e21
78.0 62.0 1.675691234599500e24
72.0 62.0 9.867250010421949e21
68.0 68.0 5.024492649142186e20
86.0 62.0 8.242832964836058e26
74.0 72.0 2.986485721408188e22
72.0 68.0 9.867250010421949e21
82.0 64.0 5.288695158078234e25
56.0 66.0 9.101758455923562e15
74.0 66.0 3.733107151760236e22
50.0 66.0 3.062503870467895e13
62.0 68.0 6.762550146250105e17
68.0 62.0 1.004898529828437e20
98.0 64.0 1.091993083995908e31
82.0 62.0 3.525796772052156e25
60.0 70.0 2.553499738178073e17
94.0 62.0 1.167737718059902e30
100.0 54.0 7.711803627776223e31
98.0 44.0 1.455990778661210e31
102.0 44.0 1.225389538969047e33
106.0 32.0 1.145897199636687e34
158.0 28.0 4.009313986519185e53
126.0 34.0 1.991068521060070e42
128.0 46.0 1.054576615497804e42
130.0 52.0 2.792799035599494e42
162.0 32.0 1.606730917091947e54
150.0 40.0 7.278219589439863e49
118.0 38.0 1.644477660255712e39
120.0 28.0 6.030045799303720e39
90.0 62.0 2.774959632191669e28
86.0 64.0 4.945699778901635e26
134.0 50.0 7.834686381272860e43
112.0 44.0 4.682357526085723e36
114.0 40.0 2.705501422492967e37
112.0 54.0 1.277006598023379e36
108.0 44.0 1.517334943606067e35
118.0 52.0 4.427439854534609e38
98.0 46.0 2.183986167991815e31
110.0 48.0 6.429346811995860e35
106.0 46.0 2.864742999091716e34
96.0 48.0 4.123368600488718e30
96.0 38.0 6.872281000814529e29
104.0 40.0 3.786060309692727e33
96.0 46.0 1.374456200162906e30
106.0 38.0 8.594228997275149e33
122.0 52.0 7.097431116271154e39
88.0 52.0 3.492739064675813e27
100.0 50.0 2.313541088332867e32
64.0 64.0 1.432764393971974e19
64.0 54.0 1.790955492464967e18
114.0 58.0 9.018338074976558e36
34.0 76.0 2.471609690014086e7
54.0 70.0 2.147976292997253e15
102.0 54.0 8.169263593126980e32
98.0 60.0 2.547983862657118e31
80.0 64.0 5.547217771366225e24
80.0 60.0 9.984991988459206e24
114.0 48.0 2.930959874367381e37
104.0 48.0 5.408657585275325e33
104.0 44.0 3.245194551165195e33
116.0 48.0 5.970775921877886e37
124.0 52.0 2.819389984738925e40
106.0 58.0 1.718845799455030e34
94.0 52.0 7.784918120399348e29
94.0 50.0 9.082404473799239e29
130.0 42.0 8.378397106798482e42
116.0 46.0 1.432986221250693e38
84.0 48.0 6.224958335412058e25
122.0 34.0 4.790766003483029e40
102.0 46.0 5.105789745704363e32
116.0 52.0 5.970775921877886e37
102.0 48.0 6.126947694845235e32
76.0 50.0 3.954598745630391e22
94.0 66.0 2.594972706799783e29
136.0 36.0 4.357137865412619e45
122.0 40.0 3.726151336042356e40
128.0 8.0 7.909324616233531e41
186.0 12.0 1.043941603662118e63
128.0 18.0 8.172968770107982e42
150.0 32.0 5.579968351903895e50
146.0 36.0 1.297237233786802e49
144.0 40.0 8.164125930387693e47
112.0 40.0 2.979682062054551e36
110.0 50.0 5.625678460496377e35
102.0 40.0 4.084631796563490e32
114.0 46.0 2.705501422492967e37
106.0 54.0 3.151217299000888e34
108.0 40.0 1.213867954884854e35
126.0 40.0 5.475438432915192e41
176.0 18.0 6.261936597949074e59
136.0 46.0 8.299310219833561e44
132.0 44.0 4.437640321375997e43
132.0 40.0 9.614887362981327e43
140.0 34.0 1.513334625692232e47
134.0 44.0 3.133874552509144e44
128.0 44.0 2.109153230995608e42
122.0 14.0 7.097431116271154e39
146.0 34.0 2.248544538563791e49
126.0 20.0 7.964274084240280e41
114.0 32.0 3.381876778116209e37
124.0 46.0 4.698983307898208e40
158.0 34.0 9.545985682188536e52
172.0 26.0 4.464501181683232e57
158.0 30.0 2.291036563725249e53
152.0 30.0 4.625872922905525e51
130.0 32.0 6.423437781878836e43
128.0 40.0 3.954662308116765e42
108.0 38.0 1.213867954884854e35
134.0 38.0 6.267749105018288e44
160.0 26.0 2.730236649868658e54
118.0 54.0 2.529965631162634e38
140.0 44.0 1.164103558224794e46
164.0 26.0 3.120323076056961e55
112.0 36.0 2.554013196046758e36
108.0 52.0 4.552004830818202e34
144.0 44.0 1.632825186077539e47
124.0 40.0 1.221735660053534e41
112.0 52.0 1.277006598023379e36
196.0 6.0 2.175425009817860e66
182.0 16.0 2.791101350284988e61
108.0 34.0 1.062134460524247e35
144.0 38.0 2.122672741900800e48
124.0 42.0 1.033776327737606e41
110.0 30.0 4.822010108996895e35
130.0 38.0 2.094599276699621e43
114.0 30.0 1.352750711246484e37
102.0 38.0 2.042315898281745e32
114.0 42.0 2.480042970618554e37
92.0 48.0 7.348954472845871e28
118.0 48.0 5.059931262325268e38
104.0 42.0 4.867791826747792e33
116.0 54.0 8.359086290629040e37
186.0 0.0 8.612518230212474e63
162.0 28.0 4.820192751275842e54
160.0 36.0 1.011198759210614e53
168.0 22.0 1.989370586816524e57
150.0 34.0 2.911287835775945e50
156.0 32.0 3.244196445051339e52
118.0 40.0 1.075235393244119e39
110.0 32.0 8.036683514994825e35
106.0 24.0 2.864742999091716e33
184.0 10.0 4.927600334783648e62
168.0 24.0 7.957482347266096e56
138.0 42.0 2.197870008314284e45
138.0 38.0 1.208828504572856e46
122.0 16.0 8.871788895338942e39
116.0 26.0 7.164931106253463e37
116.0 24.0 7.164931106253463e37
114.0 50.0 9.018338074976558e36
122.0 50.0 7.097431116271154e39
132.0 54.0 7.396067202293328e42
112.0 64.0 4.256688660077930e35
100.0 62.0 3.855901813888111e31
100.0 56.0 1.735155816249650e32
102.0 56.0 7.148105643986108e32
90.0 52.0 1.849973088127779e28
94.0 58.0 1.297486353399891e30
64.0 76.0 7.1638219698598690e18
88.0 58.0 4.365923830844766e27
96.0 60.0 3.436140500407265e30
34.0 90.0 2.471609690014086e7
46.0 92.0 5.457984236600832e11
-74.0 134.0 2.174083333126999e-31
28.0 88.0 3.326430689510145e5
38.0 100.0 4.853968305885115e9
44.0 90.0 4.121777103106693e11
74.0 90.0 7.466214303520471e21
22.0 88.0 2.238430416080545e3
38.0 98.0 9.014512568072356e9
-50.0 118.0 4.821634114088637e-23
-44.0 118.0 4.156222319527487e-20
16.0 94.0 2.259417578629638e1
6.0 100.0 1.986992792699530e-2
40.0 112.0 1.836444572277326e10
12.0 100.0 3.489724172987416e0
14.0 128.0 5.687503583701855e0
-32.0 106.0 3.165508059853249e-17
-68.0 128.0 3.524967590893783e-29
36.0 112.0 1.570980635599917e9
24.0 100.0 8.299532907414333e4
16.0 130.0 3.012556771506184e1
6.0 130.0 1.986992792699530e-2
32.0 124.0 4.666269379084766e6
22.0 128.0 1.119215208040273e3
36.0 104.0 1.047320423733278e9
46.0 114.0 1.091596847320166e12
-26.0 106.0 1.411337244167564e-14
-52.0 118.0 7.282122151237578e-24
-74.0 130.0 1.383507575626272e-31
-80.0 138.0 3.989430597710148e-34
-4.0 136.0 4.332337870437838e-7
26.0 114.0 5.024087852781536e5
22.0 124.0 7.834506456281908e3
62.0 80.0 3.381275073125052e17
32.0 106.0 4.666269379084766e7
56.0 106.0 2.275439613980891e15
30.0 98.0 5.285798316073383e6
26.0 112.0 5.966104325178074e5
38.0 108.0 1.386848087395747e9
-48.0 108.0 1.021598240114902e-22
-28.0 106.0 1.776306427909636e-15
-68.0 138.0 2.056231094688040e-29
-56.0 116.0 6.488499209117139e-26
26.0 102.0 4.710082361982690e5
-22.0 138.0 6.599662209787059e-13
-14.0 96.0 1.039037898382425e-10
42.0 104.0 7.781733441340304e10
-30.0 140.0 3.353480968707955e-16
12.0 98.0 2.952843530989352e0
-18.0 108.0 8.147324192840631e-11
16.0 128.0 2.259417578629638e1
30.0 96.0 6.166764702085614e6
2.0 94.0 6.438315412932252e-5
-4.0 102.0 2.599402722262703e-6
-18.0 136.0 2.221997507138354e-11
6.0 134.0 5.419071252816900e-3
42.0 86.0 5.836300081005228e10
6.0 96.0 3.612714168544600e-3
22.0 98.0 1.454979770452354e4
14.0 98.0 1.279688306332917e1
44.0 96.0 6.182665654660039e11
-68.0 122.0 5.874945984822971e-30
-44.0 112.0 4.299540330545676e-21
-48.0 112.0 5.107991200574508e-23
-76.0 136.0 2.611864516938053e-32
-12.0 102.0 1.100728830054283e-9
-42.0 110.0 7.591463541009583e-21
32.0 102.0 3.733015503267813e7
40.0 108.0 2.203733486732791e10
20.0 126.0 2.113008304957969e2
-64.0 124.0 6.593593966312489e-28
14.0 130.0 4.265627687776391e0
32.0 116.0 9.332538758169533e6
36.0 90.0 6.545752648332986e8
40.0 90.0 1.101866743366395e10
64.0 90.0 1.790955492464967e18
54.0 82.0 1.718381034397802e15
58.0 76.0 2.410464607805935e16
42.0 92.0 9.727166801675381e10
80.0 74.0 1.109443554273245e24
82.0 68.0 1.762898386026078e25
108.0 64.0 3.034669887212135e34
80.0 70.0 6.656661325639471e24
74.0 60.0 6.719592873168424e22
70.0 66.0 2.129047416489785e21
70.0 70.0 1.064523708244892e21
40.0 78.0 3.672889144554651e9
54.0 76.0 8.591905171989012e14
76.0 66.0 2.768219121941273e23
66.0 70.0 4.743060907682198e19
82.0 74.0 1.175265590684052e25
66.0 66.0 2.845836544609319e19
46.0 72.0 5.457984236600832e11
86.0 72.0 6.594266371868846e26
88.0 62.0 1.047821719402744e28
70.0 62.0 1.330654635306116e21
90.0 50.0 1.849973088127779e28
84.0 54.0 6.224958335412058e25
114.0 38.0 4.058252133739451e37
146.0 38.0 6.053773757671744e48
164.0 34.0 2.836657341869965e54
96.0 66.0 2.061684300244359e30
134.0 46.0 7.834686381272860e43
134.0 52.0 7.834686381272860e43
96.0 52.0 3.436140500407265e30
80.0 50.0 1.109443554273245e24
76.0 62.0 1.977299372815195e23
76.0 64.0 2.372759247378234e23
62.0 70.0 6.762550146250105e17
82.0 56.0 1.762898386026078e25
56.0 58.0 2.275439613980891e15
56.0 68.0 9.101758455923562e15
90.0 60.0 3.237452904223614e28
96.0 54.0 8.246737200977435e30
78.0 56.0 6.283842129748125e23
86.0 58.0 1.153996615077048e27
96.0 64.0 2.748912400325812e30
88.0 56.0 6.985478129351626e27
86.0 54.0 3.297133185934423e26
118.0 46.0 8.222388301278560e38
180.0 20.0 7.026399418972946e60
178.0 18.0 1.658291793410441e60
124.0 18.0 9.397966615796415e40
126.0 10.0 1.493301390795052e41
184.0 14.0 9.855200669567296e61
190.0 2.0 8.053213614672193e64
176.0 20.0 1.878580979384722e59
104.0 52.0 4.867791826747792e33
112.0 24.0 8.513377320155859e35
138.0 40.0 9.890415037414277e45
112.0 30.0 2.979682062054551e36
160.0 30.0 9.100788832895527e53
192.0 10.0 7.755076941244657e64
194.0 6.0 6.161075997134554e65
164.0 30.0 5.673314683739929e54
114.0 22.0 2.254584518744140e36
158.0 32.0 1.145518281862624e53
110.0 24.0 8.036683514994825e34
144.0 42.0 4.898475558232616e47
86.0 52.0 9.891399557803269e26
108.0 54.0 7.586674718030337e34
60.0 72.0 1.276749869089037e17
60.0 66.0 3.191874672722591e17
92.0 56.0 1.714756043664037e29
60.0 68.0 1.276749869089037e17
82.0 60.0 5.876327953420260e25
66.0 62.0 1.897224363072879e19
80.0 66.0 7.766104879912716e24
92.0 50.0 9.798605963794495e28
96.0 40.0 1.374456200162906e30
92.0 44.0 7.348954472845871e28
142.0 38.0 5.240826353523641e47
188.0 8.0 8.293690362036825e63
178.0 22.0 3.316583586820883e59
152.0 32.0 2.441432931533471e51
124.0 12.0 3.759186646318566e40
170.0 28.0 8.429261047606804e56
120.0 26.0 2.345017810840336e39
118.0 22.0 3.794948446743951e38
130.0 2.0 2.792799035599494e42
150.0 42.0 4.852146392959909e49
132.0 6.0 3.698033601146664e43
128.0 42.0 2.372797384870059e42
104.0 78.0 5.408657585275325e32
78.0 64.0 1.047307021624688e24
96.0 56.0 4.123368600488718e30
110.0 58.0 2.411005054498447e35
100.0 52.0 1.735155816249650e32
82.0 54.0 3.525796772052156e25
52.0 66.0 1.622121026355398e14
58.0 64.0 4.820929215611870e16
80.0 58.0 3.328330662819735e24
70.0 60.0 1.064523708244892e21
82.0 70.0 1.175265590684052e25
72.0 78.0 2.819214288691985e21
78.0 70.0 1.256768425949625e24
72.0 70.0 1.127685715476794e22
76.0 60.0 4.350058620193430e23
76.0 68.0 1.977299372815195e23
76.0 70.0 7.909197491260781e22
108.0 72.0 1.517334943606067e34
66.0 72.0 5.691673089218638e19
54.0 64.0 4.295952585994506e14
64.0 70.0 7.1638219698598690e18
58.0 66.0 3.615696911708903e16
84.0 66.0 9.337437503118087e25
94.0 60.0 9.082404473799239e29
138.0 50.0 1.098935004157142e45
106.0 40.0 2.291794399273373e34
126.0 44.0 3.484369911855122e41
88.0 50.0 5.239108597013720e27
82.0 66.0 2.938163976710130e25
74.0 64.0 5.972971442816377e22
86.0 48.0 3.297133185934423e26
98.0 40.0 7.279953893306051e30
100.0 46.0 5.783852720832167e31
106.0 42.0 2.291794399273373e34
102.0 52.0 6.126947694845235e32
170.0 24.0 1.685852209521361e57
108.0 66.0 1.517334943606067e34
82.0 52.0 5.876327953420260e24
100.0 42.0 5.783852720832167e31
132.0 48.0 2.218820160687998e43
92.0 60.0 1.959721192758899e29
94.0 64.0 6.487431766999457e29
78.0 54.0 2.094614043249375e23
98.0 56.0 1.455990778661210e31
96.0 58.0 4.810596700570171e30
64.0 56.0 1.790955492464967e18
76.0 54.0 7.909197491260781e22
100.0 48.0 1.542360725555245e32
94.0 48.0 9.082404473799239e29
88.0 60.0 4.365923830844766e27
78.0 68.0 1.256768425949625e24
92.0 52.0 1.959721192758899e29
92.0 62.0 1.224825745474312e29
68.0 54.0 5.024492649142186e19
98.0 68.0 3.639976946653026e30
94.0 68.0 5.189945413599565e29
116.0 62.0 2.388310368751154e37
76.0 58.0 1.186379623689117e23
72.0 58.0 5.638428577383971e21
66.0 68.0 4.743060907682198e19
54.0 74.0 4.295952585994506e14
32.0 78.0 4.666269379084766e6
52.0 68.0 2.433181539533097e14
70.0 68.0 5.322618541224462e20
84.0 62.0 1.556239583853014e26
114.0 52.0 1.352750711246484e37
78.0 86.0 2.094614043249375e23
88.0 72.0 8.731847661689533e26
86.0 56.0 6.594266371868846e26
74.0 56.0 1.493242860704094e22
76.0 74.0 3.954598745630391e22
46.0 68.0 1.091596847320166e12
84.0 50.0 1.244991667082412e26
96.0 44.0 4.123368600488718e30
84.0 60.0 1.244991667082412e26
70.0 72.0 5.322618541224462e20
78.0 52.0 4.189228086498750e23
112.0 58.0 8.513377320155859e35
66.0 60.0 2.845836544609319e19
74.0 50.0 7.466214303520471e21
108.0 68.0 1.517334943606067e34
50.0 72.0 1.531251935233947e13
68.0 74.0 2.009797059656874e20
106.0 62.0 5.729485998183433e33
66.0 80.0 4.743060907682198e19
76.0 78.0 7.909197491260781e22
22.0 80.0 1.119215208040273e3
36.0 86.0 1.309150529666597e8
42.0 110.0 3.890866720670152e10
-74.0 132.0 1.185863636251090e-31
18.0 98.0 4.787068756904343e2
62.0 88.0 6.762550146250105e17
54.0 100.0 8.591905171989012e14
38.0 110.0 2.773696174791494e9
-82.0 132.0 2.510484879078602e-35
0.0 92.0 1.215502877781246e-5
34.0 92.0 7.414829070042257e7
0.0 102.0 1.215502877781246e-4
-38.0 112.0 1.703977353643956e-18
-76.0 138.0 7.462470048394437e-33
-4.0 138.0 4.332337870437838e-7
28.0 122.0 6.652861379020290e5
-52.0 116.0 7.282122151237578e-24
36.0 110.0 6.545752648332986e8
-36.0 112.0 9.025835233268331e-18
18.0 132.0 3.989223964086952e1
50.0 80.0 3.062503870467895e13
-40.0 112.0 2.010573101484206e-19
18.0 92.0 7.978447928173905e1
2.0 98.0 6.438315412932252e-4
-80.0 128.0 2.659620398473432e-34
-78.0 134.0 2.817612828979571e-33
32.0 122.0 4.666269379084766e6
30.0 86.0 2.642899158036692e6
30.0 114.0 2.642899158036692e6
-6.0 98.0 1.635817688206395e-7
-12.0 104.0 4.402915320217133e-9
50.0 86.0 1.531251935233947e13
-70.0 126.0 3.881880662093264e-30
-2.0 132.0 2.294770974688571e-5
44.0 86.0 6.182665654660039e11
58.0 98.0 1.205232303902968e16
46.0 96.0 1.091596847320166e12
52.0 84.0 2.433181539533097e14
54.0 84.0 1.288785775798352e15
22.0 122.0 5.596076040201363e3
-44.0 114.0 4.299540330545676e-21
32.0 86.0 4.666269379084766e6
2.0 136.0 6.438315412932252e-5
-30.0 138.0 1.844414532789375e-15
52.0 98.0 1.622121026355398e14
-66.0 124.0 6.223908957782086e-29
54.0 96.0 8.591905171989012e14
46.0 104.0 5.457984236600832e11
34.0 88.0 2.471609690014086e7
-38.0 114.0 2.129971692054945e-18
48.0 86.0 5.781887704203047e12
54.0 88.0 1.288785775798352e15
48.0 74.0 8.672831556304570e12
38.0 80.0 1.386848087395747e9
54.0 80.0 8.591905171989012e14
86.0 78.0 1.648566592967212e26
52.0 80.0 1.622121026355398e14
118.0 58.0 1.264982815581317e38
102.0 36.0 2.042315898281745e32
124.0 56.0 9.397966615796415e39
126.0 58.0 4.977671302650175e40
82.0 50.0 1.762898386026078e25
98.0 52.0 2.911981557322420e31
84.0 70.0 3.112479167706029e25
100.0 60.0 1.927950906944056e31
68.0 60.0 2.009797059656874e20
90.0 54.0 2.774959632191669e28
88.0 46.0 3.492739064675813e27
62.0 66.0 1.014382521937516e18
62.0 64.0 6.762550146250105e17
58.0 70.0 3.615696911708903e16
56.0 80.0 4.550879227961781e15
60.0 84.0 6.383749345445183e16
60.0 98.0 1.276749869089037e17
56.0 78.0 2.275439613980891e15
-72.0 136.0 1.046921245305661e-30
-10.0 136.0 5.830407550069787e-9
34.0 120.0 2.471609690014086e7
30.0 124.0 8.809663860122305e5
14.0 132.0 2.843751791850927e0
44.0 102.0 3.091332827330019e11
18.0 86.0 3.989223964086952e1
16.0 126.0 3.012556771506184e1
-86.0 134.0 8.947307378944988e-37
40.0 118.0 3.672889144554651e9
40.0 98.0 1.101866743366395e10
4.0 96.0 1.364105977607646e-3
12.0 94.0 5.368806419980640e-1
12.0 96.0 2.684403209990320e-1
10.0 96.0 3.040777698640623e-1
-88.0 134.0 3.378229503377245e-37
-50.0 112.0 1.928653645635455e-23
26.0 122.0 1.570027453994230e5
66.0 74.0 9.486121815364397e18
38.0 94.0 1.386848087395747e9
46.0 82.0 3.274790541960499e12
6.0 94.0 5.419071252816900e-3
8.0 130.0 5.740767484055410e-2
46.0 98.0 3.274790541960499e12
60.0 78.0 6.383749345445183e16
50.0 88.0 3.062503870467895e13
52.0 92.0 8.110605131776989e13
40.0 106.0 1.101866743366395e10
56.0 92.0 4.550879227961781e15
-48.0 116.0 1.021598240114902e-22
-62.0 124.0 3.492615586844842e-27
42.0 102.0 1.556346688268061e11
56.0 86.0 2.275439613980891e15
40.0 114.0 1.469155657821860e10
-60.0 120.0 6.937616016685424e-27
-8.0 136.0 7.720707654368493e-8
20.0 94.0 8.452033219831875e2
36.0 96.0 5.236602118666389e8
22.0 126.0 2.238430416080545e3
-14.0 102.0 3.117113695147274e-10
-60.0 116.0 4.625077344456949e-27
44.0 106.0 2.060888551553346e11
56.0 104.0 2.275439613980891e15
36.0 94.0 1.309150529666597e9
58.0 102.0 1.205232303902968e16
60.0 76.0 1.915124803633555e17
40.0 86.0 1.836444572277326e10
34.0 118.0 2.471609690014086e7
38.0 90.0 4.853968305885115e9
56.0 84.0 4.550879227961781e15
-74.0 136.0 1.581151515001454e-31
46.0 102.0 1.091596847320166e12
42.0 114.0 1.945433360335076e10
50.0 112.0 1.531251935233947e13
38.0 102.0 4.160544262187241e9
-58.0 120.0 4.899782630909458e-26
52.0 88.0 3.244242052710795e14
28.0 82.0 3.326430689510145e5
-62.0 122.0 3.056038638489237e-27
-18.0 140.0 3.703329178563923e-12
44.0 108.0 2.060888551553346e11
22.0 92.0 3.357645624120818e3
-8.0 104.0 3.088283061747397e-8
-58.0 118.0 3.674836973182093e-26
-10.0 102.0 1.457601887517447e-8
-88.0 132.0 3.378229503377245e-37
28.0 90.0 3.326430689510145e5
6.0 132.0 5.419071252816900e-3
-82.0 126.0 2.510484879078602e-35
-80.0 136.0 2.659620398473432e-34
34.0 112.0 9.886438760056342e7
46.0 112.0 5.457984236600832e11
-18.0 104.0 1.110998753569177e-11
8.0 136.0 9.567945806759017e-3
-50.0 116.0 5.785960936906364e-23
4.0 100.0 3.069238449617202e-3
42.0 118.0 3.890866720670152e10
70.0 88.0 2.661309270612231e20
12.0 132.0 2.684403209990320e-1
-46.0 116.0 5.411350250426670e-22
-6.0 136.0 8.179088441031975e-8
18.0 90.0 7.978447928173905e1
34.0 122.0 4.943219380028171e7
30.0 122.0 5.285798316073383e6
-20.0 138.0 2.097458890799923e-12
20.0 90.0 2.113008304957969e2
58.0 110.0 1.205232303902968e16
58.0 106.0 1.205232303902968e16
26.0 124.0 3.140054907988460e4
26.0 120.0 1.570027453994230e5
14.0 96.0 1.421875895925464e0
-46.0 140.0 2.705675125213335e-22
-2.0 134.0 6.884312924065712e-6
46.0 88.0 1.637395270980249e12
86.0 80.0 1.648566592967212e26
46.0 84.0 1.091596847320166e12
56.0 74.0 4.550879227961781e15
60.0 64.0 1.915124803633555e17
62.0 56.0 6.762550146250105e17
92.0 66.0 1.224825745474312e29
106.0 52.0 1.145897199636687e34
104.0 62.0 1.081731517055065e33
108.0 56.0 4.552004830818202e34
122.0 46.0 7.097431116271154e39
100.0 44.0 7.711803627776223e31
54.0 68.0 1.288785775798352e15
50.0 70.0 4.593755805701842e13
70.0 74.0 5.322618541224462e20
44.0 68.0 1.030444275776673e11
64.0 66.0 1.790955492464967e18
86.0 70.0 3.297133185934423e26
88.0 64.0 3.492739064675813e27
56.0 70.0 6.826318841942672e15
68.0 78.0 5.024492649142186e19
74.0 62.0 4.479728582112283e22
94.0 56.0 3.892459060199674e29
84.0 64.0 2.178735417394220e26
68.0 56.0 5.024492649142186e19
74.0 54.0 1.493242860704094e22
92.0 46.0 7.348954472845871e28
140.0 40.0 2.910258895561985e46
106.0 48.0 1.718845799455030e34
106.0 34.0 8.594228997275149e33
112.0 26.0 8.513377320155859e35
138.0 46.0 1.098935004157142e45
112.0 46.0 2.128344330038965e36
90.0 56.0 1.387479816095835e28
88.0 54.0 4.365923830844766e27
176.0 22.0 1.252387319589815e59
134.0 42.0 1.958671595318215e44
108.0 22.0 1.517334943606067e34
190.0 8.0 2.928441314426252e64
196.0 0.0 3.263137514726790e66
130.0 48.0 1.396399517799747e42
108.0 30.0 7.586674718030337e34
114.0 28.0 6.763753556232419e36
88.0 48.0 8.731847661689533e26
108.0 50.0 6.069339774424270e34
98.0 50.0 2.547983862657118e31
104.0 50.0 4.326926068220260e33
94.0 44.0 1.297486353399891e29
58.0 68.0 4.820929215611870e16
84.0 72.0 1.244991667082412e26
60.0 74.0 2.553499738178073e17
48.0 78.0 2.890943852101523e12
42.0 84.0 5.836300081005228e10
62.0 76.0 3.381275073125052e17
72.0 64.0 7.048035721729963e21
54.0 66.0 4.295952585994506e14
70.0 76.0 1.064523708244892e21
74.0 78.0 1.493242860704094e22
84.0 68.0 9.337437503118087e25
64.0 72.0 5.3728664773949017e18
70.0 56.0 5.322618541224462e20
52.0 58.0 8.110605131776989e13
48.0 70.0 5.781887704203047e12
56.0 72.0 4.550879227961781e15
74.0 68.0 2.986485721408188e22
64.0 60.0 3.5819109849299345e18
80.0 78.0 1.109443554273245e24
46.0 66.0 5.457984236600832e11
122.0 48.0 3.548715558135577e39
196.0 10.0 1.087712504908930e66
190.0 12.0 7.321103286065630e63
168.0 30.0 1.591496469453219e56
122.0 22.0 1.774357779067788e40
130.0 58.0 1.396399517799747e42
118.0 20.0 2.529965631162634e38
124.0 8.0 9.397966615796415e39
164.0 32.0 2.836657341869965e54
192.0 6.0 7.755076941244657e64
116.0 18.0 1.194155184375577e37
80.0 54.0 1.109443554273245e24
82.0 58.0 3.525796772052156e25
188.0 12.0 2.764563454012275e63
126.0 50.0 9.955342605300350e40
108.0 36.0 1.517334943606067e34
140.0 42.0 1.164103558224794e46
180.0 16.0 7.026399418972946e60
106.0 18.0 2.864742999091716e33
74.0 44.0 7.466214303520471e21
162.0 30.0 4.284615778911859e54
104.0 38.0 1.081731517055065e33
58.0 72.0 1.205232303902968e16
92.0 68.0 7.348954472845871e28
80.0 62.0 7.766104879912716e24
36.0 76.0 1.309150529666597e8
114.0 56.0 4.509169037488279e36
102.0 42.0 4.084631796563490e32
84.0 52.0 3.112479167706029e25
94.0 46.0 2.594972706799783e29
80.0 52.0 3.328330662819735e24
106.0 36.0 1.432371499545858e34
108.0 28.0 4.552004830818202e34
188.0 20.0 1.382281727006138e63
68.0 72.0 1.507347794742656e20
124.0 60.0 9.397966615796415e39
108.0 58.0 6.069339774424270e34
104.0 60.0 1.622597275582597e33
56.0 76.0 2.275439613980891e15
76.0 56.0 1.186379623689117e23
58.0 60.0 1.205232303902968e16
70.0 58.0 2.661309270612231e20
78.0 72.0 6.283842129748125e23
80.0 56.0 1.109443554273245e24
62.0 72.0 1.014382521937516e18
78.0 58.0 6.283842129748125e23
72.0 74.0 1.409607144345993e21
102.0 70.0 1.021157949140873e32
72.0 76.0 2.819214288691985e21
88.0 66.0 2.619554298506860e27
86.0 50.0 3.297133185934423e26
78.0 50.0 4.189228086498750e23
52.0 70.0 8.110605131776989e13
84.0 42.0 3.112479167706029e25
102.0 76.0 1.021157949140873e32
54.0 86.0 1.718381034397802e15
44.0 82.0 4.121777103106693e11
72.0 80.0 2.819214288691985e21
64.0 78.0 3.5819109849299345e18
66.0 78.0 9.486121815364397e18
38.0 82.0 6.934240436978735e8
50.0 98.0 1.531251935233947e13
90.0 72.0 4.624932720319448e27
80.0 80.0 1.109443554273245e24
90.0 44.0 9.249865440638897e27
76.0 80.0 3.954598745630391e22
96.0 68.0 1.374456200162906e30
120.0 54.0 6.700050888115244e38
96.0 62.0 2.061684300244359e30
106.0 60.0 5.729485998183433e33
110.0 60.0 1.607336702998965e35
102.0 66.0 1.021157949140873e32
92.0 74.0 2.449651490948624e28
126.0 52.0 9.955342605300350e40
88.0 40.0 8.731847661689533e26
118.0 44.0 5.692422670115926e38
114.0 20.0 4.509169037488279e36
118.0 18.0 1.897474223371975e38
198.0 0.0 1.152185862006671e67
106.0 30.0 8.594228997275149e33
184.0 12.0 2.463800167391824e62
88.0 68.0 8.731847661689533e26
38.0 86.0 2.080272131093621e9
8.0 96.0 2.870383742027705e-2
26.0 126.0 3.140054907988460e4
0.0 94.0 1.215502877781246e-5
44.0 92.0 1.030444275776673e11
-88.0 130.0 3.378229503377245e-37
24.0 124.0 5.928237791010238e3
68.0 84.0 1.004898529828437e20
28.0 128.0 1.663215344755073e5
48.0 102.0 5.781887704203047e12
50.0 96.0 6.125007740935790e13
52.0 94.0 8.110605131776989e13
28.0 120.0 4.989646034265218e5
-18.0 106.0 3.703329178563923e-11
20.0 86.0 2.113008304957969e2
-78.0 132.0 1.408806414489785e-33
-20.0 104.0 6.991529635999743e-13
38.0 92.0 2.080272131093621e9
24.0 88.0 1.185647558202048e4
20.0 130.0 4.226016609915937e2
4.0 132.0 6.820529888038228e-4
-74.0 126.0 1.976439393751817e-32
10.0 132.0 5.067962831067705e-2
-70.0 140.0 5.545543802990378e-31
-16.0 138.0 3.923214387652770e-11
0.0 98.0 1.215502877781246e-5
-14.0 136.0 4.156151593529699e-10
-8.0 96.0 1.544141530873699e-8
52.0 90.0 2.433181539533097e14
26.0 82.0 3.140054907988460e4
-54.0 118.0 1.718467444087480e-24
18.0 88.0 3.989223964086952e1
38.0 122.0 6.934240436978735e8
64.0 98.0 1.790955492464967e18
48.0 76.0 2.890943852101523e12
64.0 96.0 1.790955492464967e18
24.0 126.0 5.928237791010238e3
44.0 98.0 1.030444275776673e11
68.0 82.0 1.004898529828437e20
30.0 92.0 2.642899158036692e6
-80.0 134.0 1.329810199236716e-34
-22.0 106.0 2.639864883914824e-13
-88.0 138.0 1.689114751688622e-37
-82.0 136.0 2.510484879078602e-35
56.0 96.0 4.550879227961781e15
66.0 88.0 9.486121815364397e18
14.0 90.0 1.421875895925464e0
34.0 96.0 7.414829070042257e7
50.0 110.0 1.531251935233947e13
-48.0 114.0 1.021598240114902e-22
58.0 90.0 1.205232303902968e16
-22.0 102.0 1.319932441957412e-13
-70.0 124.0 1.109108760598076e-30
-84.0 128.0 4.739419770696395e-36
26.0 94.0 3.140054907988460e4
14.0 94.0 2.843751791850927e0
16.0 90.0 7.531391928765461e0
38.0 78.0 6.934240436978735e8
76.0 76.0 3.954598745630391e22
106.0 66.0 2.864742999091716e33
100.0 40.0 7.711803627776223e31
164.0 36.0 2.836657341869965e54
174.0 30.0 2.364590796527251e58
98.0 38.0 7.279953893306051e30
104.0 22.0 5.408657585275325e32
156.0 36.0 3.604662716723710e51
152.0 36.0 3.854894102421271e50
192.0 2.0 7.755076941244657e64
192.0 8.0 3.877538470622328e64
198.0 2.0 5.760929310033354e66
176.0 26.0 6.261936597949074e58
120.0 16.0 6.700050888115244e38
152.0 40.0 1.284964700807090e50
128.0 50.0 5.272883077489021e41
134.0 56.0 3.917343190636430e43
124.0 50.0 9.397966615796415e39
132.0 52.0 7.396067202293328e42
114.0 26.0 4.509169037488279e36
116.0 30.0 1.432986221250693e38
112.0 28.0 2.128344330038965e36
192.0 4.0 1.551015388248931e65
154.0 40.0 1.361156635499930e51
196.0 4.0 1.087712504908930e66
110.0 26.0 2.411005054498447e35
116.0 20.0 1.194155184375577e37
94.0 42.0 2.594972706799783e29
92.0 64.0 4.899302981897247e28
98.0 62.0 3.639976946653026e30
60.0 62.0 6.383749345445183e16
104.0 56.0 5.408657585275325e32
122.0 60.0 1.774357779067788e39
178.0 20.0 6.633167173641765e59
104.0 34.0 5.408657585275325e32
108.0 32.0 4.552004830818202e34
130.0 50.0 1.396399517799747e42
160.0 38.0 2.022397518421228e53
112.0 20.0 4.256688660077930e35
192.0 0.0 7.755076941244657e64
172.0 28.0 2.232250590841616e57
186.0 14.0 2.609854009155295e62
148.0 38.0 1.374160532065649e49
106.0 28.0 5.729485998183433e33
-50.0 106.0 9.643268228177273e-24
-82.0 130.0 2.510484879078602e-35
72.0 94.0 1.409607144345993e21
64.0 100.0 1.790955492464967e18
12.0 92.0 2.684403209990320e-1
0.0 96.0 1.215502877781246e-5
-86.0 130.0 8.947307378944988e-37
-86.0 138.0 8.947307378944988e-37
-86.0 132.0 8.947307378944988e-37
36.0 120.0 1.309150529666597e8
36.0 114.0 1.309150529666597e8
-56.0 118.0 6.488499209117139e-26
-84.0 138.0 4.739419770696395e-36
32.0 118.0 9.332538758169533e6
-78.0 138.0 7.044032072448927e-34
16.0 132.0 7.531391928765461e0
34.0 86.0 4.943219380028171e7
-56.0 112.0 6.488499209117139e-26
-78.0 128.0 7.044032072448927e-34
2.0 96.0 6.438315412932252e-5
32.0 82.0 4.666269379084766e6
72.0 88.0 1.409607144345993e21
52.0 76.0 1.622121026355398e14
86.0 66.0 1.648566592967212e26
96.0 50.0 2.748912400325812e30
76.0 72.0 3.954598745630391e22
36.0 82.0 1.309150529666597e8
28.0 86.0 1.663215344755073e5
38.0 84.0 6.934240436978735e8
70.0 82.0 2.661309270612231e20
64.0 82.0 1.790955492464967e18
-64.0 140.0 1.648398491578122e-28
-78.0 130.0 7.044032072448927e-34
12.0 130.0 2.684403209990320e-1
-2.0 94.0 2.294770974688571e-6
-16.0 100.0 1.961607193826385e-11
60.0 88.0 6.383749345445183e16
-46.0 112.0 2.705675125213335e-22
-16.0 102.0 1.961607193826385e-11
-54.0 140.0 3.436934888174960e-25
-4.0 98.0 4.332337870437838e-7
10.0 92.0 5.067962831067705e-2
4.0 134.0 3.410264944019114e-4
48.0 110.0 2.890943852101523e12
58.0 82.0 1.205232303902968e16
92.0 76.0 2.449651490948624e28
50.0 76.0 3.062503870467895e13
74.0 74.0 7.466214303520471e21
98.0 74.0 3.639976946653026e30
94.0 70.0 1.297486353399891e29
102.0 58.0 2.042315898281745e32
126.0 8.0 1.493301390795052e41
154.0 36.0 6.805783177499651e50
152.0 38.0 1.284964700807090e50
182.0 20.0 9.303671167616625e60
168.0 32.0 7.957482347266096e55
146.0 40.0 1.729649645049070e48
100.0 34.0 7.711803627776223e31
120.0 58.0 3.350025444057622e38
90.0 70.0 4.624932720319448e27
72.0 66.0 2.819214288691985e21
58.0 62.0 1.205232303902968e16
60.0 80.0 6.383749345445183e16
-40.0 110.0 4.021146202968413e-20
52.0 100.0 8.110605131776989e13
-38.0 110.0 2.129971692054945e-19
-46.0 110.0 2.705675125213335e-22
22.0 130.0 1.119215208040273e3
-12.0 100.0 5.503644150271416e-10
60.0 86.0 6.383749345445183e16
74.0 82.0 7.466214303520471e21
-84.0 134.0 4.739419770696395e-36
46.0 86.0 5.457984236600832e11
-18.0 100.0 3.703329178563923e-12
24.0 130.0 5.928237791010238e3
42.0 116.0 1.945433360335076e10
54.0 94.0 4.295952585994506e14
110.0 62.0 8.036683514994825e34
108.0 62.0 1.517334943606067e34
90.0 48.0 9.249865440638897e27
90.0 40.0 4.624932720319448e27
118.0 8.0 6.324914077906585e37
176.0 24.0 1.878580979384722e59
184.0 16.0 9.855200669567296e61
102.0 32.0 1.021157949140873e32
138.0 0.0 1.098935004157142e45
122.0 64.0 1.774357779067788e39
100.0 66.0 5.783852720832167e31
92.0 40.0 2.449651490948624e28
92.0 36.0 2.449651490948624e28
118.0 50.0 6.324914077906585e37
92.0 70.0 2.449651490948624e28
102.0 60.0 1.021157949140873e32
44.0 66.0 1.030444275776673e11
56.0 64.0 2.275439613980891e15
86.0 42.0 3.297133185934423e26
82.0 78.0 5.876327953420260e24
126.0 60.0 4.977671302650175e40
140.0 56.0 5.820517791123970e45
188.0 10.0 1.382281727006138e63
132.0 0.0 7.396067202293328e42
80.0 44.0 1.109443554273245e24
46.0 76.0 5.457984236600832e11
42.0 80.0 1.945433360335076e10
132.0 46.0 7.396067202293328e42
128.0 52.0 2.636441538744510e41
132.0 2.0 7.396067202293328e42
148.0 40.0 9.161070213770993e48
182.0 24.0 9.303671167616625e60
72.0 56.0 1.409607144345993e21
130.0 6.0 1.396399517799747e42
134.0 48.0 3.917343190636430e43
74.0 52.0 7.466214303520471e21
58.0 58.0 1.205232303902968e16
68.0 76.0 5.024492649142186e19
60.0 60.0 6.383749345445183e16
42.0 72.0 1.945433360335076e10
50.0 74.0 1.531251935233947e13
68.0 70.0 5.024492649142186e19
84.0 74.0 3.112479167706029e25
118.0 56.0 6.324914077906585e37
82.0 48.0 5.876327953420260e24
104.0 32.0 5.408657585275325e32
100.0 36.0 1.927950906944056e31
