0.0 13.07324490650284 161.0095084429604 147.9362635364575
2.0 11.96753144844773 159.6699573575905 147.7024259091428
4.0 11.82170822905974 158.2988132579383 146.4771050288785
6.0 11.95135291958726 156.7679870396023 144.816634120015
8.0 12.10187870158269 154.5157828525581 142.4139041509754
10.0 12.19528887197377 152.4369923618747 140.2417034899009
12.0 12.25044057577038 150.4823301298393 138.2318895540689
14.0 12.30714354660833 148.0801246986554 135.7729811520471
16.0 12.41718652131309 146.0367598245395 133.6195733032264
18.0 12.48563771688448 143.9787945926077 131.4931568757232
20.0 12.54151383211661 142.0327085025437 129.4911946704271
22.0 12.64721900878328 139.834052833104 127.1868338243207
24.0 12.75547977071177 137.5701022736475 124.8146225029357
26.0 12.87591363558325 135.3929644620485 122.5170508264653
28.0 13.04891450142763 132.8628745920974 119.8139600906697
30.0 13.17723551666558 130.479797109537 117.3025615928714
32.0 13.27579145771942 127.134830392671 113.8590389349515
34.0 13.50468501061487 125.122573509174 111.6178884985591
36.0 13.61807517557597 122.228074886997 108.6099997114211
38.0 13.67897572697528 119.7465791587067 106.0676034317314
40.0 13.79918495906874 114.034948523466 100.2357635643973
42.0 13.84792192381783 110.9172952105587 97.06937328674087
44.0 13.62034879325984 106.446420069381 92.82607127612117
46.0 13.90965133656363 106.6205773025029 92.71092596593926
48.0 13.63263471598088 101.2424743115629 87.60983959558198
50.0 13.28027776966395 94.92044482143327 81.64016705176932
52.0 13.38928293078399 94.46121946573176 81.07193653494776
54.0 13.1712553854301 89.80668985989247 76.63543447446237
56.0 12.9930279928724 82.86867319034921 69.87564519747681
58.0 12.60712312445326 81.54700075643395 68.93987763198069
60.0 12.19720003260349 77.44094501332098 65.24374498071749
62.0 12.43644224858855 77.88266786441041 65.44622561582187
64.0 11.85406433698631 69.05254175406252 57.19847741707621
66.0 11.80587283110032 64.50770901567016 52.70183618456985
68.0 11.71261163184958 63.0259388316908 51.31332719984122
70.0 11.85124684147502 61.9704522064865 50.11920536501148
72.0 12.00230111045887 59.28472816791903 47.28242705746015
74.0 12.49767284671148 59.50824832656186 47.01057547985038
76.0 12.03639453706832 48.84719229410099 36.81079775703267
78.0 12.41963978621015 52.55197246265777 40.13233267644762
80.0 11.78677252398351 45.99773501506491 34.2109624910814
82.0 11.21556344247014 39.83016508750435 28.6146016450342
84.0 11.95572454060495 47.35789914230848 35.40217460170353
86.0 10.82927121894982 36.53698868850456 25.70771746955474
88.0 10.38155561297503 31.50373026499402 21.12217465201898
90.0 9.698099447814919 28.66011257399859 18.96201312618367
92.0 9.278868276928021 20.2415186628705 10.96265038594248
94.0 8.875491082839303 17.36400028951128 8.488509206671976
96.0 8.164173584034413 14.54095861331871 6.3767850292843
98.0 7.564924528582175 12.05814688849818 4.493222359916007
100.0 7.098842202818116 8.24994673617702 1.151104533358904
102.0 6.508175865607583 4.954544543500945 -1.553631322106638
104.0 5.93276978058326 1.518159722391012 -4.414610058192247
106.0 5.154541110291995 -3.816295115645034 -8.970836225937029
108.0 4.552130714809316 -8.509014907501214 -13.06114562231053
110.0 3.981668798058786 -10.187001450864 -14.16867024892279
112.0 3.374509354779498 -14.7241461254155 -18.098655480195
114.0 2.851199690309227 -17.36871634879946 -20.21991603910868
116.0 2.341676099388616 -20.54279907629273 -22.88447517568134
118.0 1.76143355775688 -24.28936927894525 -26.05080283670213
120.0 1.328570484966099 -27.39385084712677 -28.72242133209287
122.0 0.9091260445608299 -31.30888167591194 -32.21800772047277
124.0 0.4974828712702212 -35.13133699311387 -35.62881986438409
126.0 0.2671908397762746 -38.52763541572727 -38.79482625550355
128.0 0.03882599021667914 -42.15851629214886 -42.19734228236554
130.0 0 -45.7156447197716 -45.7156447197716
132.0 0.1493785217017494 -48.58310678526194 -48.73248530696369
134.0 0.4538319660598259 -52.15032318994246 -52.60415515600229
136.0 1.161151693709869 -55.66892239497933 -56.8300740886892
138.0 2.482299437656835 -60.85230628589761 -63.33460572355444
140.0 5.834433581453301 -55.90452855889604 -61.73896214034934
