0.0 7.453755217069011 162.7667993031737 155.3130440861047
2.0 6.353556038745695 161.5179759992025 155.1644199604568
4.0 6.243386130957501 160.1948547002274 153.9514685692699
6.0 6.421873667653402 158.6884920446487 152.2666183769953
8.0 6.639964810041001 156.6699352693199 150.0299704592789
10.0 6.797646891022209 154.6060965465497 147.8084496555275
12.0 6.912291037310108 152.6579412566458 145.7456502193357
14.0 7.040102946658238 150.3722756920171 143.3321727453589
16.0 7.21182499553695 148.4654287580313 141.2536037624943
18.0 7.343633384914378 146.3869642076935 139.0433308227791
20.0 7.457924463678127 144.5059745708297 137.0480501071516
22.0 7.628200409073229 142.5364637841067 134.9082633750334
24.0 7.805858197296427 140.3433170990488 132.5374589017524
26.0 7.996040420360978 138.0666747790193 130.0706343586583
28.0 8.248319080394987 135.58328345239 127.334964371995
30.0 8.445036274881483 133.6050412765949 125.1600050017134
32.0 8.644471935639219 130.3505394593204 121.7060675236812
34.0 8.938026257378017 128.4404648815564 119.5024386241783
36.0 9.141214157562111 125.4975447944783 116.3563306369162
38.0 9.284351028469446 122.5912859693128 113.3069349408433
40.0 9.558492864606771 118.1384793141695 108.5799864495628
42.0 9.704795823980843 114.7251289506421 105.0203331266613
44.0 9.595203690702661 110.7243736529878 101.1291699622852
46.0 9.901620478928633 110.0717618253829 100.1701413464543
48.0 9.783622172220298 104.1671880131188 94.38356584089846
50.0 9.594557612431478 98.79068810032712 89.19613048789565
52.0 9.720868169513592 98.34270721758631 88.62183904807272
54.0 9.6278651831103 93.99667172480221 84.36880654169191
56.0 9.644802422141829 87.48075054767623 77.8359481255344
58.0 9.276019506853086 86.73042681177006 77.45440730491697
60.0 9.010167409311788 80.47215387264155 71.46198646332976
62.0 9.247359301003669 80.60971742729973 71.36235812629606
64.0 8.901518918655136 72.3638296571536 63.46231073849847
66.0 8.970963861460838 68.86177769240724 59.8908138309464
68.0 8.930399415807851 66.58263541097493 57.65223599516708
70.0 9.112421357128395 64.983433220045 55.87101186291661
72.0 9.324695665349301 63.81127577106958 54.48658010572028
74.0 9.856263604013289 62.1846260677996 52.32836246378631
76.0 9.647133551496048 54.81150052115094 45.16436696965489
78.0 9.937770398268736 58.13356280275677 48.19579240448804
80.0 9.486168043943852 51.12800749121528 41.64183944727142
82.0 9.109418219680846 43.18369355626747 34.07427533658662
84.0 9.675144378309941 48.84242046434284 39.1672760860329
86.0 8.809428671204522 39.83117020983078 31.02174153862626
88.0 8.487570715821831 35.59888630633751 27.11131559051568
90.0 7.884524920649122 31.54277211772671 23.65824719707759
92.0 7.667211955973358 25.58198084457758 17.91476888860422
94.0 7.348500576981359 21.8566013871112 14.50810081012984
96.0 6.674987343294969 20.67029476395285 13.99530742065788
98.0 6.153819397519455 16.72288497069178 10.56906557317232
100.0 5.774745660108647 13.71582190425236 7.941076244143718
102.0 5.264291378811031 10.36474940779547 5.100458028984439
104.0 4.777063640551671 6.680565412247378 1.903501771695706
106.0 4.122561121815158 1.996013437480216 -2.126547684334942
108.0 3.638678909280787 -2.452973338608239 -6.091652247889025
110.0 3.111664173518276 -4.792217110378881 -7.903881283897157
112.0 2.614541127197934 -8.949993759911021 -11.56453488710896
114.0 2.158139745390045 -11.81774064888182 -13.97588039427187
116.0 1.727870320109323 -15.0372921645274 -16.76516248463672
118.0 1.248195485574483 -19.18581662926588 -20.43401211484036
120.0 0.8941700739545761 -22.28249809118949 -23.17666816514406
122.0 0.5750014879491242 -25.98452096043894 -26.55952244838806
124.0 0.2655550542252003 -29.8672644196952 -30.1328194739204
126.0 0.1269647955912649 -33.15763566461628 -33.28460046020754
128.0 0 -36.80870451218291 -36.80870451218291
130.0 0.06490717983364206 -40.34150259038271 -40.40640977021636
132.0 0.3066177156281587 -43.41401283975971 -43.72063055538787
134.0 0.7302473004124672 -47.25217838425152 -47.98242568466398
136.0 1.563179405153103 -50.80959368028374 -52.37277308543685
138.0 3.074978690925519 -55.7932975996634 -58.86827629058892
140.0 6.410032780338248 -52.87320796952829 -59.28324074986654
