0.0 1.123029011719721 166.8327593502119 165.7097303384922
2.0 0.02890404704407539 165.6877520084316 165.6588479613875
4.0 0 164.5462988186257 164.5462988186257
6.0 0.2970394847755015 163.1241766459627 162.8271371611872
8.0 0.6627841584276268 161.435067914905 160.7722837564774
10.0 0.9748877642278407 159.5452562262373 158.5703684620095
12.0 1.236339654230444 157.6447757700196 156.4084361157892
14.0 1.529512417178253 155.5733663030148 154.0438538858365
16.0 1.842191926330388 153.9010830247363 152.0588910984059
18.0 2.132338883100356 151.857373933774 149.7250350506737
20.0 2.382866803706779 150.1996128746308 147.816746070924
22.0 2.699202333329045 148.3759925770216 145.6767902436926
24.0 3.037839734886935 146.4630854021882 143.4252456673013
26.0 3.405347219124013 144.248974652946 140.843627433822
28.0 3.855346333347116 141.7109722386684 137.8556259053213
30.0 4.178758495522646 140.5168058271956 136.338047331673
32.0 4.614487069071736 137.614607852466 133.0001207833942
34.0 5.064632089045436 135.7309849059309 130.6663528168854
36.0 5.499474417531382 132.6239376890325 127.1244632715011
38.0 5.871140630096782 129.6547990675257 123.7836584374289
40.0 6.400842434512183 127.3310049928449 120.9301625583327
42.0 6.835739957111681 123.1217524547848 116.2860124976731
44.0 6.997805370441324 119.1086203634626 112.1108149930213
46.0 7.401481511560536 117.8055401336006 110.40405862204
48.0 7.733408585868816 111.0976739001802 103.3642653143114
50.0 7.825904785200917 108.3590222353756 100.5331174501747
52.0 7.968732375422738 108.6944263428671 100.7256939674443
54.0 8.228882710154933 102.6029875269316 94.37410481677672
56.0 8.623995222456116 99.3547864537862 90.73079123133008
58.0 8.311341585170418 97.1991631879343 88.88782160276388
60.0 8.547000836968278 89.79209696984044 81.24509613287216
62.0 8.847561746721032 87.98183980799829 79.13427806127726
64.0 8.984590819938269 82.49425044575956 73.50965962582129
66.0 9.25339034563638 80.08195953885615 70.82856919321977
68.0 9.436542218864314 76.23038723977118 66.79384502090686
70.0 9.801508652360454 72.94931771174244 63.14780905938199
72.0 10.02039576259926 74.099341778206 64.07894601560674
74.0 10.7992984664376 70.54682865020652 59.74753018376892
76.0 10.89875911838871 68.59820801810719 57.69944889971848
78.0 11.01052904549153 70.66806343423317 59.65753438874164
80.0 11.0986771623321 61.36881849452994 50.27014133219785
82.0 11.32039013361517 52.45460968661136 41.13421955299619
84.0 11.70177987879051 53.00817378050873 41.30639390171821
86.0 11.23891327740525 49.66431334848173 38.42540007107647
88.0 11.08713878582724 48.37905103322135 37.29191224739412
90.0 10.88187813837796 40.08597364774353 29.20409550936556
92.0 10.85394106761319 40.18031958522447 29.32637851761127
94.0 10.88140708622207 33.67148874093301 22.79008165471094
96.0 10.14399270270432 34.82670048232057 24.68270777961625
98.0 9.956493761050482 28.78978004463935 18.83328628358887
100.0 9.711963586257376 27.17979398676164 17.46783040050427
102.0 9.441144347092734 22.65305553714638 13.21191119005365
104.0 9.200355225024905 18.66397123136327 9.463616006338365
106.0 8.818844982782251 14.39343757820678 5.574592595424533
108.0 8.592492046896065 10.46010639951791 1.86761435262185
110.0 8.217979870094825 7.823221455068843 -0.3947584150259819
112.0 7.973170928862626 3.93286776180397 -4.040303167058656
114.0 7.689348124764959 1.102757496809187 -6.586590627955772
116.0 7.475941905374929 -2.647353965925203 -10.12329587130013
118.0 7.262172304625241 -6.611798768448552 -13.87397107307379
120.0 7.114389838793244 -10.0200240930366 -17.13441393182985
122.0 7.026511796225092 -13.419986021343 -20.44649781756809
124.0 6.968677496377981 -17.06943148648286 -24.03810898286084
126.0 7.069002197700227 -20.87039098661317 -27.9393931843134
128.0 7.189381596630481 -24.31684794703002 -31.5062295436605
130.0 7.51052549033807 -27.69696431137031 -35.20748980170838
132.0 8.013329618702083 -31.47209024318572 -39.4854198618878
134.0 8.74958074546602 -35.40281925832667 -44.15240000379269
136.0 9.915667553364079 -39.56722402440734 -49.48289157777142
138.0 11.84422725257573 -42.99233852446464 -54.83656577704037
140.0 15.3493338761615 -43.53580338665752 -58.88513726281902
