0.0 1.107713164907914 167.5970817637281 166.4893685988202
2.0 0.01425733022092597 166.4529481633415 166.4386908331206
4.0 0 165.3547907384728 165.3547907384728
6.0 0.319958997233418 163.9565448253596 163.6365858281262
8.0 0.7130282215743678 162.3047093227702 161.5916811011958
10.0 1.054388771058518 160.4599511871835 159.405562416125
12.0 1.34479694681273 158.5687521129959 157.2239551661832
14.0 1.669527345552583 156.5234206436018 154.8538932980493
16.0 2.008545936046972 154.8970860927862 152.8885401567392
18.0 2.3299310051654 152.8666294230163 150.5366984178509
20.0 2.60568378258149 151.268476980005 148.6627931974235
22.0 2.950854267749736 149.4259988177145 146.4751445499648
24.0 3.31931075081665 147.5738688456264 144.2545580948097
26.0 3.721206883759217 145.3994989269499 141.6782920431906
28.0 4.211465838850022 142.838719367322 138.627253528472
30.0 4.554466532014326 141.7596668310258 137.2052002990115
32.0 5.03454723830465 138.9244697366157 133.8899224983111
34.0 5.516078607478811 137.0311354602653 131.5150568527865
36.0 5.99875458697686 133.879707108476 127.8809525214992
38.0 6.414652168414317 131.005360244838 124.5907080764237
40.0 6.980984274278017 128.9229165918056 121.9419323175276
42.0 7.4785048298368 124.679103543384 117.2005987135472
44.0 7.697640854446233 120.5047952401156 112.8071543856693
46.0 8.124715286537502 119.1289723627107 111.0042570761732
48.0 8.551520337794132 112.3692688284835 103.8177484906894
50.0 8.678461394626019 110.1616739762404 101.4832125816144
52.0 8.817753155481306 110.6321006749614 101.8143475194801
54.0 9.166474708722354 104.0480300250331 94.88155531631073
56.0 9.602636354927288 102.0145174656062 92.41188111067889
58.0 9.319459104677211 99.11842555012532 89.79896644544811
60.0 9.655803907569727 92.02168724142927 82.36588333385954
62.0 9.989034491303643 89.54507000297817 79.55603551167453
64.0 10.1963529634166 84.85166091330684 74.65530794989024
66.0 10.50264277794145 82.18140040488592 71.67875762694447
68.0 10.74090115399142 78.20002724992076 67.45912609592934
70.0 11.15753699671374 74.5089750627209 63.35143806600715
72.0 11.36175328510097 75.98539622908618 64.62364294398522
74.0 12.19887251799657 72.42998155519846 60.2311090372019
76.0 12.31969352085103 71.40052256730671 59.08082904645568
78.0 12.40723669942357 73.16635424560001 60.75911754617644
80.0 12.62659368025913 63.06130932629911 50.43471564603998
82.0 12.97072068470752 54.17841066026232 41.2076899755548
84.0 13.35571266960978 53.86265651694891 40.50694384733914
86.0 12.92174454604412 51.99805368609477 39.07630914005065
88.0 12.78349165906064 50.93269083142246 38.14919917236182
90.0 12.69119873071817 42.00865663554712 29.31745790482895
92.0 12.65535712117978 43.02295810843968 30.36760098725989
94.0 12.77327453973914 36.1213068643306 23.34803232459146
96.0 12.01010703847972 37.29749281717773 25.28738577869801
98.0 11.90219206795907 31.11572933297524 19.21353726501617
100.0 11.67479446036438 29.67886663849867 18.00407217813428
102.0 11.46309833880913 24.85485120996147 13.39175287115234
104.0 11.27218284906248 20.94025117129308 9.668068322230605
106.0 10.94231065918048 16.75729631600677 5.814985656826298
108.0 10.76679508264104 12.64009094069647 1.873295858055435
110.0 10.42141354421765 10.20529780483588 -0.2161157393817717
112.0 10.22519363279448 6.367799033409883 -3.857394599384598
114.0 9.975699298979197 3.511277272214688 -6.464422026764509
116.0 9.810778236976035 -0.3937624456740598 -10.20454068265009
118.0 9.646150784363727 -4.17116847447839 -13.81731925884212
120.0 9.542689664111244 -7.662377320835401 -17.20506698494664
122.0 9.498963946981855 -11.01558948526952 -20.51455343225138
124.0 9.488784085129972 -14.58205815462623 -24.0708422397562
126.0 9.642852184803007 -18.59476613342309 -28.23761831822609
128.0 9.810735821122448 -21.98441462890909 -31.79515045003154
130.0 10.18088183737114 -25.25713464237866 -35.4380164797498
132.0 10.74231319265603 -29.21476844252325 -39.95708163517928
134.0 11.5412491736199 -33.15544786652995 -44.69669704014985
136.0 12.77993753765174 -37.47367808410622 -50.25361562175796
138.0 14.77837193934842 -40.61231860530459 -55.39069054465301
140.0 18.33995157697824 -41.45380809318847 -59.79375967016671
