0.0 1.092351916157013 168.7176122043852 167.6252602882282
2.0 0 167.5606786379689 167.5606786379689
4.0 0.006602361270111915 166.5318189316286 166.5252165703585
6.0 0.3603037617726177 165.1745543599979 164.8142505982253
8.0 0.7935534415424335 163.5654707183992 162.7719172768568
10.0 1.177655384184579 161.791329156231 160.6136737720465
12.0 1.511283343629963 159.9122200234147 158.4009366797847
14.0 1.882818807390032 157.8926674195884 156.0098486121984
16.0 2.260168376313248 156.3399279088049 154.0797595324917
18.0 2.628093998106515 154.3276473762175 151.6995533781109
20.0 2.940068922798005 152.8352712197548 149.8952022969568
22.0 3.329183478280244 150.9388675500288 147.6096840717485
24.0 3.740803127972018 149.1853808473221 145.4445777193501
26.0 4.193306818053765 147.0679928138123 142.8746859957585
28.0 4.744502217350839 144.4757093270494 139.7312071096985
30.0 5.11419705855127 143.5516294525073 138.437432393956
32.0 5.659223755665721 140.807457092595 135.1482333369292
34.0 6.188141240337857 138.8918774217279 132.70373618139
36.0 6.743735416570769 135.6665031316628 128.922767715092
38.0 7.223372446483989 132.9610580765312 125.7376856300473
40.0 7.839486119360433 131.149838085999 123.3103519666386
42.0 8.431038244795573 126.9384274265725 118.507389181777
44.0 8.74044661072858 122.4482545070205 113.7078078962919
46.0 9.204390957144216 120.9664867567998 111.7620957996556
48.0 9.774272475081905 114.1874031404976 104.4131306654157
50.0 9.939889009468204 112.7553355051355 102.8154464956673
52.0 10.0713354186662 113.3330316759753 103.2616962573091
54.0 10.56456356112924 106.0831343538796 95.51857079275041
56.0 11.02834647387203 106.3080628800306 95.27971640615862
58.0 10.81086831293269 101.9431376773116 91.13226936437887
60.0 11.28814770960145 95.57912990641993 84.29098219681847
62.0 11.68855271885717 91.91738331877145 80.22883059991428
64.0 11.98020656804309 88.57546861650363 76.59526204846054
66.0 12.35242156224598 85.14141197030162 72.78899040805564
68.0 12.67536647207086 81.10000139233285 68.42463492026198
70.0 13.17968943169269 76.79746156664215 63.61777213494946
72.0 13.35346762008014 78.81254403724182 65.45907641716167
74.0 14.27755617491492 75.28167601875295 61.00411984383803
76.0 14.40746006554306 75.65004039963932 61.24258033409626
78.0 14.46556415279854 77.04471439586929 62.57915024307075
80.0 14.90435811903989 65.43059341878964 50.52623529974975
82.0 15.43163515838311 56.55113898396392 41.11950382558081
84.0 15.84194641793807 55.12018547781489 39.27823905987682
86.0 15.41337419975129 55.60386954732447 40.19049534757318
88.0 15.29315872727072 54.51029192164955 39.21713319437883
90.0 15.38292212611272 44.9944447892861 29.61152266317337
92.0 15.31396261359926 47.22250725155114 31.90854463795187
94.0 15.57604858004669 39.86750955156417 24.29146097151748
96.0 14.77685712571348 40.71725833633603 25.94040121062255
98.0 14.7904505876092 34.48315807938938 19.69270749178018
100.0 14.58503606833615 33.24041477911735 18.6553787107812
102.0 14.46913221359354 28.0049196200444 13.53578740645086
104.0 14.35032064733625 24.2998703543863 9.94954970705005
106.0 14.09540282631282 20.28666676621135 6.191263939898528
108.0 14.00293459338868 15.63786273525033 1.634928141861645
110.0 13.69453549630449 13.70234478174434 0.007809285439848105
112.0 13.56980792476727 9.950486538322873 -3.619321386444402
114.0 13.37282048645319 7.015156735692136 -6.357663750761058
116.0 13.28483428816977 2.834033027145616 -10.45080126102415
118.0 13.18861246134077 -0.5870593524372537 -13.77567181377803
120.0 13.15363536847467 -4.195986512220621 -17.34962188069529
122.0 13.1748060862751 -7.455891322483562 -20.63069740875866
124.0 13.23413954865741 -10.91179894775982 -24.14593849641723
126.0 13.47460369357091 -15.3019277750945 -28.77653146866541
128.0 13.71221358311138 -18.59124476080853 -32.30345834391991
130.0 14.1526236554754 -21.63647985031193 -35.78910350578733
132.0 14.80669648139891 -25.88653852956555 -40.69323501096446
134.0 15.70039437620779 -29.90309755492881 -45.60349193113659
136.0 17.051286353741 -34.3858775030372 -51.4371638567782
138.0 19.14868608959404 -37.24589919565316 -56.3945852852472
140.0 22.80054050769397 -38.33834492963046 -61.13888543732444
